1 1 23 1 3 9 13 23 25 34 36 38 40 52 54 59 63 67 76 85 86 90 93 98 107 113
2 2 23 2 3 9 14 23 26 34 36 39 40 52 55 59 63 67 76 85 86 90 93 99 108 114
3 3 23 2 4 9 15 23 27 34 36 39 41 52 55 59 63 67 76 85 86 90 93 99 108 115
4 4 23 1 3 10 15 23 25 34 36 38 41 52 54 59 63 67 76 85 86 90 93 98 107 113
5 5 23 2 3 9 16 24 28 34 37 39 40 53 54 59 63 67 76 85 86 90 94 99 109 114
6 6 23 2 3 10 14 23 26 34 36 39 41 52 55 59 63 67 76 85 86 90 93 98 108 114
7 7 23 2 4 9 15 23 26 34 36 39 42 52 55 59 63 67 76 85 86 90 93 98 108 115
8 8 23 2 4 10 15 23 27 34 36 39 41 52 55 59 63 67 76 85 86 90 93 99 107 115
9 9 23 1 3 10 15 23 25 34 36 38 43 52 54 59 63 67 76 85 86 90 93 98 110 114
10 10 23 2 4 9 14 23 26 34 36 39 42 52 55 59 63 67 76 85 86 90 93 98 107 115
11 11 23 2 3 10 14 23 27 34 36 39 42 52 55 59 63 67 76 85 86 90 93 99 108 114
12 12 23 2 3 10 14 23 26 34 36 39 41 52 55 59 63 67 76 85 86 90 93 98 107 115
13 13 23 2 4 9 14 23 26 34 36 39 44 52 55 59 63 67 76 85 86 90 93 99 107 114
14 14 23 1 3 10 15 23 25 34 36 38 40 52 54 59 63 67 76 85 86 90 93 99 110 113
15 15 23 2 3 11 13 24 28 34 37 39 41 53 54 59 64 67 76 85 86 90 94 98 109 114
16 16 23 2 5 11 16 24 28 34 36 38 40 52 54 59 63 67 76 85 86 90 93 99 111 113
17 17 23 2 6 11 15 24 28 34 37 39 40 53 54 59 63 67 76 85 86 90 94 99 109 114
18 18 23 1 3 9 13 23 25 34 36 38 41 52 54 59 63 67 76 85 86 90 93 98 107 114
19 19 23 1 3 10 15 23 25 34 36 38 41 52 54 59 63 67 76 85 86 90 93 99 107 113
20 20 23 1 3 9 13 23 25 34 36 38 40 52 54 59 63 67 76 85 86 90 93 99 107 113
21 21 23 2 4 9 14 23 26 34 36 39 40 52 55 59 63 67 76 85 86 90 93 99 107 115
22 22 23 1 3 10 13 23 25 34 36 38 41 52 54 59 63 67 76 85 86 90 93 99 110 114
23 23 23 2 4 10 14 23 27 34 36 39 40 52 55 59 63 67 76 85 86 90 93 99 107 115
24 24 23 2 4 10 15 23 26 34 36 39 44 52 55 59 63 67 76 85 86 90 93 99 108 115
25 25 23 2 4 9 15 23 27 34 36 39 42 52 55 59 63 67 76 85 86 90 93 98 107 115
26 26 23 1 6 9 15 23 25 34 36 38 41 52 54 59 63 67 76 85 86 90 93 99 110 114
27 27 23 2 3 10 14 23 26 34 36 39 41 52 55 59 63 67 76 85 86 90 93 99 108 115
28 28 23 2 3 10 15 23 27 34 36 39 44 52 55 59 63 67 76 85 86 90 93 99 108 115
29 29 23 2 6 11 13 24 28 34 36 38 40 52 54 59 63 67 76 85 86 90 93 98 111 113
30 30 23 2 3 9 14 23 26 34 37 38 41 53 56 59 63 67 76 85 86 90 93 99 110 116
31 31 23 2 4 9 14 23 27 34 36 39 42 52 55 59 63 67 76 85 86 90 93 99 108 115
32 32 23 1 3 10 15 23 25 34 36 38 40 52 54 59 63 67 76 85 86 90 93 99 107 113
33 33 23 2 3 10 14 23 27 34 36 39 41 52 55 59 63 67 76 85 86 90 93 99 108 115
34 34 23 2 3 10 13 23 27 34 36 39 43 52 57 59 65 67 76 85 86 90 93 99 111 117
35 35 23 2 4 10 14 23 27 34 36 39 41 52 55 59 63 67 76 85 86 90 93 99 107 115
36 36 23 2 3 11 14 23 27 34 37 38 44 53 56 59 63 67 76 85 86 90 93 99 110 116
37 37 23 2 5 11 16 24 28 34 36 38 40 52 54 59 63 67 76 85 86 90 93 98 110 113
38 38 23 1 3 10 13 23 25 34 36 38 44 52 54 59 63 67 76 85 86 90 93 99 107 113
39 39 23 2 3 11 14 23 26 34 37 38 43 53 56 59 63 67 76 85 86 90 93 99 110 116
40 40 23 2 4 9 14 23 27 34 36 39 40 52 55 59 63 67 76 85 86 90 93 98 107 115
41 41 23 2 4 10 14 23 26 34 36 39 41 52 55 59 63 67 76 85 86 90 93 99 107 114
42 42 23 2 3 10 14 23 27 34 36 39 41 52 57 59 65 67 76 85 86 90 93 98 111 117
43 43 23 2 3 11 13 24 28 34 36 38 42 52 54 59 63 67 76 85 86 90 93 98 111 113
44 44 23 1 3 10 15 23 25 34 36 38 43 52 54 59 63 67 76 85 86 90 93 99 110 114
45 45 23 2 3 9 14 23 26 34 36 39 44 52 55 59 63 67 76 85 86 90 93 98 108 115
46 46 23 2 3 10 15 23 26 34 36 39 41 52 55 59 63 67 76 85 86 90 93 99 108 114
47 47 23 2 3 10 14 23 27 34 36 39 40 52 55 59 63 67 76 85 86 90 93 98 107 115
48 48 23 2 3 9 15 23 27 34 36 39 44 52 55 59 63 67 76 85 86 90 93 99 108 115
49 49 23 2 3 10 14 23 27 34 36 39 41 52 57 59 65 67 76 85 86 90 93 99 107 117
50 50 23 2 6 10 14 23 27 34 36 39 44 52 57 59 65 67 76 85 86 90 93 98 107 117
51 51 23 2 3 10 13 23 26 34 36 39 44 52 57 59 65 67 76 85 86 90 93 98 107 114
52 52 23 2 3 9 15 23 27 34 36 39 40 52 55 59 63 67 76 85 86 90 93 98 107 114
53 53 23 2 4 9 15 23 27 34 36 39 40 52 55 59 63 67 76 85 86 90 93 99 108 115
54 54 23 1 3 10 13 23 25 34 36 38 40 52 54 59 63 67 76 85 86 90 93 99 110 113
55 55 23 1 3 9 15 23 25 34 36 38 40 52 54 59 63 67 76 85 86 90 93 98 110 113
56 56 23 2 4 10 14 23 26 34 36 39 44 52 55 59 63 67 76 85 86 90 93 98 107 115
57 57 23 2 6 11 16 24 28 34 37 39 41 53 54 59 63 67 76 85 86 90 94 99 109 114
58 58 23 2 4 9 15 23 26 34 36 39 44 52 55 59 63 67 76 85 86 90 93 99 108 114
59 59 23 2 3 9 14 23 27 34 36 39 40 52 55 59 63 67 76 85 86 90 93 98 108 114
60 60 23 2 3 10 13 23 26 34 36 39 43 52 57 59 65 67 76 85 86 90 93 98 111 117
61 61 23 2 5 11 16 24 28 34 36 38 40 52 54 59 63 67 76 85 86 90 93 99 110 113
62 62 23 2 4 10 14 23 26 34 36 39 40 52 55 59 63 67 76 85 86 90 93 99 107 115
63 63 23 2 4 9 14 23 27 34 36 39 42 52 55 59 63 67 76 85 86 90 93 99 107 115
64 64 23 2 4 10 14 23 27 34 36 39 42 52 55 59 63 67 76 85 86 90 93 99 108 115
65 65 23 2 4 10 15 23 27 34 36 39 41 52 55 59 63 67 76 85 86 90 93 99 107 114
66 66 23 2 6 9 13 24 28 34 37 39 40 53 54 59 63 67 76 85 86 90 94 98 109 114
67 67 23 2 3 9 15 23 27 34 36 39 41 52 55 59 63 67 76 85 86 90 93 98 107 114
68 68 23 2 6 10 14 23 26 34 36 39 44 52 57 59 65 67 76 85 86 90 93 99 107 114
69 69 23 2 3 10 14 23 26 34 36 39 44 52 55 59 63 67 76 85 86 90 93 98 108 114
70 70 23 2 3 11 16 24 28 34 36 38 43 52 54 59 63 67 76 85 86 90 93 99 110 113
71 71 23 2 6 11 14 23 27 34 37 38 43 53 56 59 63 67 76 85 86 90 93 99 110 116
72 72 23 2 4 10 15 23 27 34 36 39 42 52 55 59 63 67 76 85 86 90 93 99 107 115
73 73 23 2 6 11 14 23 27 34 37 38 44 53 56 59 63 67 76 85 86 90 93 99 110 116
74 74 23 2 3 10 13 23 26 34 36 39 43 52 57 59 65 67 76 85 86 90 93 98 107 117
75 75 23 2 4 9 14 23 26 34 36 39 40 52 55 59 63 67 76 85 86 90 93 98 107 114
76 76 23 2 6 9 14 23 27 34 37 38 43 53 56 59 63 67 76 85 86 90 93 99 110 116
77 77 23 2 3 9 15 23 27 34 37 38 41 53 56 59 63 67 76 85 86 90 93 100 110 116
78 78 23 2 6 10 13 23 27 34 36 39 43 52 57 59 65 67 76 85 86 90 93 99 111 117
79 79 23 1 3 10 13 23 25 34 36 38 44 52 54 59 63 67 76 85 86 90 93 99 110 113
80 80 23 2 6 10 13 23 26 34 36 39 41 52 57 59 65 67 76 85 86 90 93 99 111 114
81 81 23 2 3 9 13 24 28 34 37 39 40 53 54 60 63 67 76 85 86 90 94 99 107 114
82 82 23 1 3 10 15 23 25 34 36 38 44 52 54 59 63 67 76 85 86 90 93 98 107 114
83 83 23 2 6 11 16 24 28 34 36 38 41 52 54 59 63 67 76 85 86 90 93 99 111 113
84 84 23 2 3 11 16 24 28 34 37 39 41 53 54 59 63 67 76 85 86 90 94 99 107 114
85 85 23 2 3 10 14 23 27 34 36 39 44 52 57 59 65 67 76 85 86 90 93 98 107 114
86 86 23 2 3 9 13 24 28 34 37 39 40 53 54 59 63 67 76 85 86 90 94 98 107 114
87 87 23 2 4 9 15 23 26 34 36 39 44 52 55 59 63 67 76 85 86 90 93 98 107 114
88 88 23 2 3 9 15 23 27 34 36 39 41 52 55 59 63 67 76 85 86 90 93 99 107 114
89 89 23 2 6 10 13 23 27 34 36 39 44 52 57 59 65 67 76 85 86 90 93 98 111 114
90 90 23 2 5 11 13 24 28 34 36 38 41 52 54 59 63 67 76 85 86 90 93 99 110 113
91 91 23 2 3 11 13 24 28 34 36 38 41 52 54 59 63 67 76 85 86 90 93 99 111 113
92 92 23 2 4 9 15 23 27 34 36 39 40 52 55 59 63 67 76 85 86 90 93 98 107 114
93 93 23 2 3 10 14 23 26 34 36 39 42 52 55 59 63 67 76 85 86 90 93 98 107 114
94 94 23 2 3 10 14 23 27 34 36 39 42 52 55 59 63 67 76 85 86 90 93 98 108 115
95 95 23 2 3 9 13 24 28 34 37 39 41 53 54 59 63 67 76 85 86 90 94 99 109 114
96 96 23 2 3 9 15 23 26 34 36 39 42 52 55 59 63 67 76 85 86 90 93 99 107 114
97 97 23 2 6 10 13 23 27 34 36 39 43 52 57 59 65 67 76 85 86 90 93 99 107 114
98 98 23 2 3 9 14 23 26 34 36 39 41 52 55 59 63 67 76 85 86 90 93 98 108 114
99 99 23 2 4 9 15 23 26 34 36 39 42 52 55 59 63 67 76 85 86 90 93 99 107 114
100 100 23 2 3 10 15 23 26 34 36 39 42 52 55 59 63 67 76 85 86 90 93 98 107 114
101 101 23 2 3 11 13 24 28 34 37 39 43 53 54 60 63 67 76 85 86 90 94 98 107 114
102 102 23 2 4 9 14 23 27 34 36 39 41 52 55 59 63 67 76 85 86 90 93 98 108 114
103 103 23 2 6 10 14 23 27 34 36 39 44 52 57 59 65 67 76 85 86 90 93 99 107 114
104 104 23 2 3 10 14 23 26 34 36 39 41 52 57 59 65 67 76 85 86 90 93 98 111 117
105 105 23 2 4 10 15 23 27 34 36 39 42 52 55 59 63 67 76 85 86 90 93 99 108 114
106 106 23 2 3 10 14 23 26 34 36 39 41 52 55 59 63 67 76 85 86 90 93 98 108 115
107 107 23 2 3 10 14 23 26 34 36 39 44 52 57 59 65 67 76 85 86 90 93 99 111 114
108 108 23 2 4 10 15 23 27 34 36 39 41 52 55 59 63 67 76 85 86 90 93 98 107 115
109 109 23 2 4 10 15 23 26 34 36 39 42 52 55 59 63 67 76 85 86 90 93 99 107 115
110 110 23 2 3 9 14 23 26 34 36 39 40 52 55 59 63 67 76 85 86 90 93 98 108 115
111 111 23 2 3 9 14 23 27 34 36 39 44 52 55 59 63 67 76 85 86 90 93 98 108 114
112 112 23 2 5 11 16 24 28 34 36 38 42 52 54 59 63 67 76 85 86 90 93 98 111 113
113 113 23 2 3 11 15 23 26 34 37 38 44 53 56 59 63 67 76 85 86 90 93 100 110 116
114 114 23 2 3 9 14 23 26 34 36 39 41 52 55 59 63 67 76 85 86 90 93 98 108 115
115 115 23 1 3 10 15 23 25 34 36 38 41 52 54 59 63 67 76 85 86 90 93 99 110 113
116 116 23 2 3 10 14 23 27 34 36 39 43 52 57 59 65 67 76 85 86 90 93 99 107 114
117 117 23 2 5 11 16 24 28 34 36 38 43 52 54 59 63 67 76 85 86 90 93 99 111 113
118 118 23 2 3 10 14 23 27 34 36 39 44 52 57 59 65 67 76 85 86 90 93 98 111 114
119 119 23 2 3 9 14 23 27 34 37 38 43 53 56 59 63 67 76 85 86 90 93 100 110 116
120 120 23 2 5 11 13 24 28 34 36 38 40 52 54 59 63 67 76 85 86 90 93 99 111 113
121 121 23 1 3 9 15 23 25 34 36 38 40 52 54 59 63 67 76 85 86 90 93 98 110 114
122 122 23 2 3 10 15 23 26 34 36 39 42 52 55 59 63 67 76 85 86 90 93 99 108 115
123 123 23 1 6 10 13 23 25 34 36 38 43 52 54 59 63 67 76 85 86 90 93 98 110 114
124 124 23 2 6 9 16 24 28 34 37 39 40 53 54 59 63 67 76 85 86 90 94 99 109 114
125 125 23 2 3 9 14 23 27 34 36 39 42 52 55 59 63 67 76 85 86 90 93 99 107 115
126 126 23 2 3 9 15 24 28 34 37 39 41 53 54 59 64 67 76 85 86 90 94 98 107 114
127 127 23 2 4 9 14 23 26 34 36 39 44 52 55 59 63 67 76 85 86 90 93 99 108 114
128 128 23 2 6 11 16 24 28 34 37 39 45 53 54 59 63 67 76 85 86 90 94 99 109 114
129 129 23 2 3 9 15 23 27 34 36 39 41 52 55 59 63 67 76 85 86 90 93 98 108 114
130 130 23 2 4 9 15 23 27 34 36 39 41 52 55 59 63 67 76 85 86 90 93 99 107 115
131 131 23 2 4 9 15 23 27 34 36 39 44 52 55 59 63 67 76 85 86 90 93 99 107 114
132 132 23 2 4 10 15 23 27 34 36 39 44 52 55 59 63 67 76 85 86 90 93 99 107 115
133 133 23 2 6 9 15 23 27 34 37 38 44 53 56 59 63 67 76 85 86 90 93 100 110 116
134 134 23 2 3 10 14 23 27 34 36 39 42 52 55 59 63 67 76 85 86 90 93 98 107 115
135 135 23 2 6 9 15 23 26 34 37 38 43 53 56 59 63 67 76 85 86 90 93 99 110 116
136 136 23 1 3 10 15 23 25 34 36 38 44 52 54 59 63 67 76 85 86 90 93 99 110 113
137 137 23 2 6 11 15 23 27 34 37 38 44 53 56 59 63 67 76 85 86 90 93 99 110 116
138 138 23 2 3 10 14 23 26 34 36 39 41 52 55 59 63 67 76 85 86 90 93 99 107 114
139 139 23 1 3 9 13 23 25 34 36 38 43 52 54 59 63 67 76 85 86 90 93 99 110 114
140 140 23 2 4 9 14 23 27 34 36 39 44 52 55 59 63 67 76 85 86 90 93 99 108 114
141 141 23 2 3 10 13 23 26 34 36 39 44 52 57 59 65 67 76 85 86 90 93 98 111 117
142 142 23 2 4 10 14 23 27 34 36 39 42 52 55 59 63 67 76 85 86 90 93 98 108 115
143 143 23 2 5 11 13 24 28 34 36 38 40 52 54 59 63 67 76 85 86 90 93 99 110 113
144 144 23 2 6 10 13 23 26 34 36 39 44 52 57 59 65 67 76 85 86 90 93 98 111 117
145 145 23 2 3 10 14 23 26 34 36 39 40 52 55 59 63 67 76 85 86 90 93 98 108 114
146 146 23 2 3 11 16 24 28 34 37 39 40 53 54 60 64 67 76 85 86 90 94 98 107 114
147 147 23 2 6 11 15 24 28 34 37 39 40 53 54 59 64 67 76 85 86 90 94 99 109 114
148 148 23 2 3 10 14 23 27 34 36 39 44 52 55 59 63 67 76 85 86 90 93 99 108 115
149 149 23 2 4 9 14 23 27 34 36 39 40 52 55 59 63 67 76 85 86 90 93 98 108 114
150 150 23 2 4 10 15 23 26 34 36 39 42 52 55 59 63 67 76 85 86 90 93 98 108 115
151 151 23 2 3 10 15 23 26 34 36 39 44 52 55 59 63 67 76 85 86 90 93 99 107 114
152 152 23 2 3 9 13 24 28 34 37 39 43 53 54 60 63 67 76 85 86 90 94 99 109 114
153 153 23 2 3 10 15 23 27 34 36 39 42 52 55 59 63 67 76 85 86 90 93 99 107 114
154 154 23 2 5 11 13 24 28 34 36 38 40 52 54 59 63 67 76 85 86 90 93 98 110 113
155 155 23 2 3 9 15 23 26 34 37 38 44 53 56 59 63 67 76 85 86 90 93 100 110 116
156 156 23 2 3 10 13 23 27 34 36 39 44 52 57 59 65 67 76 85 86 90 93 98 107 114
157 157 23 2 4 10 14 23 26 34 36 39 40 52 55 59 63 67 76 85 86 90 93 99 108 114
158 158 23 2 3 10 15 23 26 34 36 39 40 52 55 59 63 67 76 85 86 90 93 99 108 114
159 159 23 2 4 10 15 23 26 34 36 39 41 52 55 59 63 67 76 85 86 90 93 98 107 115
160 160 23 2 4 9 14 23 26 34 36 39 42 52 55 59 63 67 76 85 86 90 93 98 107 114
161 161 23 2 4 9 14 23 27 34 36 39 42 52 55 59 63 67 76 85 86 90 93 98 107 115
162 162 23 2 4 10 14 23 26 34 36 39 41 52 55 59 63 67 76 85 86 90 93 98 108 114
163 163 23 2 3 11 13 24 28 34 36 38 40 52 54 59 63 67 76 85 86 90 93 99 111 113
164 164 23 2 6 10 13 23 27 34 36 39 41 52 57 59 65 67 76 85 86 90 93 99 111 114
165 165 23 2 3 10 15 23 26 34 36 39 40 52 55 59 63 67 76 85 86 90 93 99 107 114
166 166 23 2 6 10 14 23 27 34 36 39 44 52 57 59 65 67 76 85 86 90 93 99 111 117
167 167 23 2 4 9 15 23 26 34 36 39 44 52 55 59 63 67 76 85 86 90 93 99 107 114
168 168 23 2 4 9 15 23 26 34 36 39 44 52 55 59 63 67 76 85 86 90 93 98 107 115
169 169 23 2 3 10 13 23 27 34 36 39 44 52 57 59 65 67 76 85 86 90 93 98 111 114
170 170 23 2 4 9 15 23 26 34 36 39 40 52 55 59 63 67 76 85 86 90 93 98 107 114
171 171 23 2 3 11 16 24 28 34 36 38 42 52 54 59 63 67 76 85 86 90 93 99 111 113
172 172 23 2 4 9 14 23 27 34 36 39 40 52 55 59 63 67 76 85 86 90 93 99 107 114
173 173 23 2 3 11 14 23 27 34 37 38 41 53 56 59 63 67 76 85 86 90 93 100 110 116
174 174 23 2 4 10 14 23 26 34 36 39 44 52 55 59 63 67 76 85 86 90 93 98 107 114
175 175 23 2 6 10 14 23 27 34 36 39 43 52 57 59 65 67 76 85 86 90 93 99 107 114
176 176 23 2 4 10 15 23 27 34 36 39 44 52 55 59 63 67 76 85 86 90 93 98 108 115
177 177 23 2 4 10 15 23 26 34 36 39 40 52 55 59 63 67 76 85 86 90 93 98 108 115
178 178 23 2 4 10 14 23 26 34 36 39 42 52 55 59 63 67 76 85 86 90 93 99 107 114
179 179 23 2 3 10 14 23 27 34 36 39 42 52 55 59 63 67 76 85 86 90 93 99 108 115
180 180 23 2 4 9 14 23 27 34 36 39 42 52 55 59 63 67 76 85 86 90 93 99 108 114
181 181 23 1 3 10 15 23 25 34 36 38 43 52 54 59 63 67 76 85 86 90 93 99 110 113
182 182 23 2 5 11 13 24 28 34 36 38 42 52 54 59 63 67 76 85 86 90 93 99 111 113
183 183 23 2 6 11 13 24 28 34 36 38 42 52 54 59 63 67 76 85 86 90 93 98 110 113
184 184 23 2 3 9 14 23 26 34 36 39 42 52 55 59 63 67 76 85 86 90 93 99 107 115
185 185 23 2 6 10 13 23 26 34 36 39 43 52 57 59 65 67 76 85 86 90 93 98 107 117
186 186 23 1 3 10 15 23 25 34 36 38 40 52 54 59 63 67 76 85 86 90 93 98 107 114
187 187 23 2 4 9 15 23 27 34 36 39 42 52 55 59 63 67 76 85 86 90 93 99 107 115
188 188 23 2 6 11 16 24 28 34 36 38 43 52 54 59 63 67 76 85 86 90 93 98 110 113
189 189 23 2 4 10 14 23 27 34 36 39 42 52 55 59 63 67 76 85 86 90 93 99 108 114
190 190 23 2 3 10 13 23 26 34 36 39 44 52 57 59 65 67 76 85 86 90 93 99 111 117
191 191 23 2 3 11 15 24 28 34 37 39 43 53 54 59 64 67 76 85 86 90 94 98 107 114
192 192 23 2 3 9 15 23 27 34 37 38 44 53 56 59 63 67 76 85 86 90 93 99 110 116
193 193 23 2 4 9 15 23 27 34 36 39 44 52 55 59 63 67 76 85 86 90 93 99 107 115
194 194 23 2 6 9 14 23 26 34 37 38 44 53 56 59 63 67 76 85 86 90 93 99 110 116
195 195 23 2 3 9 14 23 26 34 36 39 40 52 55 59 63 67 76 85 86 90 93 99 108 115
196 196 23 2 6 11 16 24 28 34 36 38 42 52 54 59 63 67 76 85 86 90 93 99 111 113
197 197 23 2 4 9 14 23 26 34 36 39 41 52 55 59 63 67 76 85 86 90 93 98 107 114
198 198 23 2 3 9 15 23 27 34 36 39 42 52 55 59 63 67 76 85 86 90 93 99 108 115
199 199 23 2 3 10 15 23 27 34 36 39 41 52 55 59 63 67 76 85 86 90 93 99 107 115
200 200 23 2 6 9 15 23 26 34 37 38 41 53 56 59 63 67 76 85 86 90 93 99 110 116
201 201 23 2 3 10 14 23 27 34 36 39 44 52 55 59 63 67 76 85 86 90 93 99 107 114
202 202 23 2 4 9 15 23 27 34 36 39 44 52 55 59 63 67 76 85 86 90 93 98 107 114
203 203 23 2 3 9 15 23 26 34 36 39 42 52 55 59 63 67 76 85 86 90 93 98 108 114
204 204 23 2 3 11 15 24 28 34 37 39 45 53 54 60 63 67 76 85 86 90 94 98 107 114
205 205 23 2 6 10 13 23 27 34 36 39 41 52 57 59 65 67 76 85 86 90 93 98 111 117
206 206 23 1 3 9 15 23 25 34 36 38 40 52 54 59 63 67 76 85 86 90 93 99 110 113
207 207 23 2 4 9 15 23 26 34 36 39 41 52 55 59 63 67 76 85 86 90 93 99 108 114
208 208 23 2 4 9 15 23 26 34 36 39 40 52 55 59 63 67 76 85 86 90 93 98 107 115
209 209 23 2 4 10 15 23 27 34 36 39 41 52 55 59 63 67 76 85 86 90 93 99 108 114
210 210 23 2 4 10 15 23 26 34 36 39 44 52 55 59 63 67 76 85 86 90 93 98 108 114
211 211 23 2 3 9 14 23 26 34 36 39 44 52 55 59 63 67 76 85 86 90 93 98 107 114
212 212 23 2 4 9 15 23 27 34 36 39 44 52 55 59 63 67 76 85 86 90 93 98 108 115
213 213 23 2 3 11 14 23 26 34 37 38 41 53 56 59 63 67 76 85 86 90 93 99 110 116
214 214 23 2 3 11 16 24 28 34 36 38 41 52 54 59 63 67 76 85 86 90 93 99 111 113
215 215 23 2 6 10 14 23 26 34 36 39 41 52 57 59 65 67 76 85 86 90 93 99 107 114
216 216 23 2 4 9 15 23 27 34 36 39 41 52 55 59 63 67 76 85 86 90 93 98 108 115
217 217 23 2 3 9 14 23 26 34 36 39 42 52 55 59 63 67 76 85 86 90 93 98 107 114
218 218 23 2 3 10 14 23 26 34 36 39 40 52 55 59 63 67 76 85 86 90 93 98 107 114
219 219 23 2 3 10 15 23 27 34 36 39 44 52 55 59 63 67 76 85 86 90 93 99 107 114
220 220 23 2 5 11 16 24 28 34 36 38 43 52 54 59 63 67 76 85 86 90 93 99 110 113
221 221 23 2 3 9 15 23 26 34 36 39 41 52 55 59 63 67 76 85 86 90 93 99 108 115
222 222 23 1 3 9 15 23 25 34 36 38 40 52 54 59 63 67 76 85 86 90 93 98 107 114
223 223 23 2 3 10 14 23 26 34 36 39 41 52 57 59 65 67 76 85 86 90 93 99 107 114
224 224 23 2 6 11 15 23 26 34 37 38 43 53 56 59 63 67 76 85 86 90 93 99 110 116
225 225 23 2 3 10 15 23 27 34 36 39 42 52 55 59 63 67 76 85 86 90 93 98 108 115
226 226 23 2 4 10 15 23 27 34 36 39 41 52 55 59 63 67 76 85 86 90 93 98 107 114
227 227 23 2 3 9 15 23 26 34 36 39 42 52 55 59 63 67 76 85 86 90 93 99 108 114
228 228 23 2 3 9 14 23 26 34 36 39 42 52 55 59 63 67 76 85 86 90 93 99 107 114
229 229 23 1 3 10 13 23 25 34 36 38 43 52 54 59 63 67 76 85 86 90 93 98 110 113
230 230 23 2 4 9 14 23 26 34 36 39 41 52 55 59 63 67 76 85 86 90 93 99 108 114
231 231 23 2 3 11 16 24 28 34 36 38 41 52 54 59 63 67 76 85 86 90 93 98 111 113
232 232 23 1 3 10 15 23 25 34 36 38 40 52 54 59 63 67 76 85 86 90 93 98 107 113
233 233 23 2 3 10 14 23 27 34 36 39 41 52 57 59 65 67 76 85 86 90 93 99 111 117
234 234 23 2 6 11 13 24 28 34 36 38 40 52 54 59 63 67 76 85 86 90 93 98 110 113
235 235 23 2 4 9 15 23 27 34 36 39 40 52 55 59 63 67 76 85 86 90 93 99 108 114
236 236 23 2 3 11 15 23 27 34 37 38 44 53 56 59 63 67 76 85 86 90 93 99 110 116
237 237 23 2 3 10 15 23 27 34 36 39 44 52 55 59 63 67 76 85 86 90 93 98 107 114
238 238 23 2 4 10 14 23 27 34 36 39 41 52 55 59 63 67 76 85 86 90 93 99 107 114
239 239 23 2 3 10 14 23 27 34 36 39 41 52 57 59 65 67 76 85 86 90 93 98 107 114
240 240 23 2 6 10 14 23 26 34 36 39 43 52 57 59 65 67 76 85 86 90 93 98 107 117
241 241 23 2 6 10 14 23 26 34 36 39 44 52 57 59 65 67 76 85 86 90 93 98 111 117
242 242 23 2 3 9 15 23 27 34 36 39 44 52 55 59 63 67 76 85 86 90 93 98 107 114
243 243 23 2 3 9 15 23 26 34 36 39 44 52 55 59 63 67 76 85 86 90 93 99 108 115
244 244 23 1 3 9 15 23 25 34 36 38 41 52 54 59 63 67 76 85 86 90 93 98 110 113
245 245 23 2 6 11 15 23 26 34 37 38 43 53 56 59 63 67 76 85 86 90 93 100 110 116
246 246 23 2 3 9 15 23 27 34 36 39 44 52 55 59 63 67 76 85 86 90 93 99 107 114
247 247 23 2 3 9 15 23 27 34 37 38 43 53 56 59 63 67 76 85 86 90 93 100 110 116
248 248 23 2 3 10 15 23 26 34 36 39 41 52 55 59 63 67 76 85 86 90 93 98 107 115
249 249 23 2 6 10 14 23 27 34 36 39 44 52 57 59 65 67 76 85 86 90 93 98 111 117
250 250 23 2 3 9 13 24 28 34 37 39 43 53 54 60 63 67 76 85 86 90 94 98 107 114
251 251 23 2 6 10 14 23 26 34 36 39 44 52 57 59 65 67 76 85 86 90 93 99 111 114
252 252 23 1 3 9 13 23 25 34 36 38 43 52 54 59 63 67 76 85 86 90 93 99 107 114
253 253 23 2 5 11 13 24 28 34 36 38 42 52 54 59 63 67 76 85 86 90 93 99 110 113
254 254 23 2 4 10 14 23 27 34 36 39 44 52 55 59 63 67 76 85 86 90 93 99 107 115
255 255 23 2 4 9 15 23 27 34 36 39 41 52 55 59 63 67 76 85 86 90 93 99 107 114
256 256 23 2 4 10 15 23 27 34 36 39 40 52 55 59 63 67 76 85 86 90 93 99 108 115
257 257 23 2 6 11 13 24 28 34 36 38 40 52 54 59 63 67 76 85 86 90 93 99 110 113
258 258 23 2 3 9 15 23 26 34 36 39 44 52 55 59 63 67 76 85 86 90 93 98 108 115
259 259 23 2 4 10 15 23 27 34 36 39 42 52 55 59 63 67 76 85 86 90 93 98 108 114
260 260 23 2 4 10 15 23 26 34 36 39 42 52 55 59 63 67 76 85 86 90 93 99 108 115
261 261 23 2 6 10 13 23 27 34 36 39 44 52 57 59 65 67 76 85 86 90 93 99 107 114
262 262 23 1 3 10 15 23 25 34 36 38 40 52 54 59 63 67 76 85 86 90 93 98 110 114
263 263 23 2 3 9 15 23 26 34 36 39 41 52 55 59 63 67 76 85 86 90 93 99 108 114
264 264 23 2 3 10 15 23 26 34 36 39 41 52 55 59 63 67 76 85 86 90 93 99 107 115
265 265 23 2 6 11 15 23 27 34 37 38 44 53 56 59 63 67 76 85 86 90 93 100 110 116
266 266 23 2 6 11 16 24 28 34 36 38 42 52 54 59 63 67 76 85 86 90 93 98 110 113
267 267 23 2 6 9 16 24 28 34 37 39 43 53 54 59 63 67 76 85 86 90 94 98 109 114
268 268 23 2 3 10 14 23 26 34 36 39 42 52 55 59 63 67 76 85 86 90 93 99 107 115
269 269 23 2 4 9 15 23 26 34 36 39 40 52 55 59 63 67 76 85 86 90 93 99 107 115
270 270 23 1 6 10 13 23 25 34 36 38 44 52 54 59 63 67 76 85 86 90 93 98 107 113
271 271 23 2 3 9 15 23 27 34 36 39 41 52 55 59 63 67 76 85 86 90 93 98 108 115
272 272 23 1 6 9 13 23 25 34 36 38 44 52 54 59 63 67 76 85 86 90 93 98 110 113
273 273 23 2 3 10 15 23 27 34 36 39 40 52 55 59 63 67 76 85 86 90 93 99 107 114
274 274 23 2 3 10 14 23 26 34 36 39 40 52 55 59 63 67 76 85 86 90 93 99 108 115
275 275 23 2 6 10 14 23 26 34 36 39 41 52 57 59 65 67 76 85 86 90 93 99 107 117
276 276 23 2 3 10 13 23 26 34 36 39 44 52 57 59 65 67 76 85 86 90 93 99 107 117
277 277 23 2 6 10 13 23 26 34 36 39 44 52 57 59 65 67 76 85 86 90 93 99 111 114
278 278 23 2 3 10 15 23 26 34 36 39 44 52 55 59 63 67 76 85 86 90 93 99 108 115
279 279 23 2 6 11 13 24 28 34 37 39 45 53 54 59 63 67 76 85 86 90 94 98 107 114
280 280 23 2 3 9 14 23 27 34 36 39 40 52 55 59 63 67 76 85 86 90 93 99 108 115
281 281 23 1 3 10 15 23 25 34 36 38 44 52 54 59 63 67 76 85 86 90 93 99 107 114
282 282 23 2 4 10 14 23 26 34 36 39 41 52 55 59 63 67 76 85 86 90 93 99 108 115
283 283 23 2 5 11 13 24 28 34 36 38 43 52 54 59 63 67 76 85 86 90 93 99 110 113
284 284 23 2 3 9 14 23 27 34 36 39 40 52 55 59 63 67 76 85 86 90 93 98 107 115
285 285 23 2 4 10 15 23 27 34 36 39 41 52 55 59 63 67 76 85 86 90 93 98 108 115
286 286 23 2 6 10 13 23 26 34 36 39 41 52 57 59 65 67 76 85 86 90 93 98 107 114
287 287 23 2 4 10 14 23 26 34 36 39 42 52 55 59 63 67 76 85 86 90 93 98 107 115
288 288 23 2 4 10 15 23 26 34 36 39 42 52 55 59 63 67 76 85 86 90 93 98 107 114
289 289 23 2 3 10 13 23 27 34 36 39 41 52 57 59 65 67 76 85 86 90 93 99 111 117
290 290 23 2 6 11 16 24 28 34 36 38 43 52 54 59 63 67 76 85 86 90 93 99 111 113
291 291 23 2 3 11 16 24 28 34 36 38 42 52 54 59 63 67 76 85 86 90 93 98 111 113
292 292 23 2 4 10 14 23 27 34 36 39 41 52 55 59 63 67 76 85 86 90 93 98 107 114
293 293 23 2 3 9 14 23 27 34 36 39 41 52 55 59 63 67 76 85 86 90 93 98 107 115
294 294 23 2 4 10 15 23 27 34 36 39 40 52 55 59 63 67 76 85 86 90 93 99 107 114
295 295 23 2 3 9 15 23 26 34 36 39 42 52 55 59 63 67 76 85 86 90 93 98 107 115
296 296 23 2 4 9 14 23 26 34 36 39 42 52 55 59 63 67 76 85 86 90 93 99 108 115
297 297 23 2 3 9 14 23 26 34 36 39 40 52 55 59 63 67 76 85 86 90 93 98 107 115
298 298 23 2 3 11 16 24 28 34 37 39 43 53 54 60 64 67 76 85 86 90 94 98 107 114
299 299 23 2 6 9 14 23 26 34 37 38 43 53 56 59 63 67 76 85 86 90 93 99 110 116
300 300 23 1 3 10 15 23 25 34 36 38 43 52 54 59 63 67 76 85 86 90 93 98 107 114
301 301 23 2 3 11 15 24 28 34 37 39 40 53 54 60 63 67 76 85 86 90 94 98 109 114
302 302 23 2 4 10 15 23 26 34 36 39 44 52 55 59 63 67 76 85 86 90 93 98 107 114
303 303 23 2 3 9 14 23 27 34 37 38 44 53 56 59 63 67 76 85 86 90 93 99 110 116
304 304 23 2 4 10 15 23 26 34 36 39 41 52 55 59 63 67 76 85 86 90 93 98 107 114
305 305 23 2 3 10 15 23 27 34 36 39 42 52 55 59 63 67 76 85 86 90 93 98 107 114
306 306 23 2 3 11 13 23 28 34 36 39 43 53 56 59 63 68 77 85 86 90 93 99 111 116
307 307 23 2 4 10 15 23 27 34 36 39 40 52 55 59 63 67 76 85 86 90 93 99 107 115
308 308 23 2 3 9 14 23 27 34 36 39 42 52 55 59 63 67 76 85 86 90 93 99 108 115
309 309 23 2 6 10 13 23 26 34 36 39 43 52 57 59 65 67 76 85 86 90 93 98 111 114
310 310 23 2 3 11 15 24 28 34 37 39 41 53 54 59 63 67 76 85 86 90 94 99 107 114
311 311 23 2 3 9 14 23 27 34 36 39 44 52 55 59 63 67 76 85 86 90 93 98 107 114
312 312 23 1 3 10 15 23 25 34 36 38 41 52 54 59 63 67 76 85 86 90 93 99 110 114
313 313 23 2 3 10 14 23 27 34 36 39 41 52 55 59 63 67 76 85 86 90 93 98 107 114
314 314 23 2 3 11 15 23 26 34 37 38 43 53 56 59 63 67 76 85 86 90 93 99 110 116
315 315 23 2 4 9 14 23 26 34 36 39 42 52 55 59 63 67 76 85 86 90 93 99 108 114
316 316 23 1 3 10 15 23 25 34 36 38 40 52 54 59 63 67 76 85 86 90 93 98 110 113
317 317 23 2 3 9 14 23 26 34 37 38 44 53 56 59 63 67 76 85 86 90 93 99 110 116
318 318 23 2 3 10 15 23 26 34 36 39 40 52 55 59 63 67 76 85 86 90 93 98 108 115
319 319 23 2 3 11 15 23 27 34 37 38 41 53 56 59 63 67 76 85 86 90 93 99 110 116
320 320 23 2 6 9 15 23 27 34 37 38 44 53 56 59 63 67 76 85 86 90 93 99 110 116
321 321 23 2 3 10 14 23 27 34 36 39 40 52 55 59 63 67 76 85 86 90 93 99 107 115
322 322 23 2 6 11 14 23 26 34 37 38 44 53 56 59 63 67 76 85 86 90 93 100 110 116
323 323 23 2 3 9 15 23 26 34 36 39 44 52 55 59 63 67 76 85 86 90 93 98 107 114
324 324 23 2 4 10 14 23 26 34 36 39 41 52 55 59 63 67 76 85 86 90 93 98 107 115
325 325 23 2 3 10 13 23 27 34 36 39 43 52 57 59 65 67 76 85 86 90 93 99 107 117
326 326 23 2 4 10 15 23 27 34 36 39 40 52 55 59 63 67 76 85 86 90 93 98 108 114
327 327 23 2 3 9 14 23 26 34 36 39 41 52 55 59 63 67 76 85 86 90 93 99 107 115
328 328 23 1 3 10 13 23 25 34 36 38 41 52 54 59 63 67 76 85 86 90 93 99 110 113
329 329 23 2 4 9 14 23 27 34 36 39 44 52 55 59 63 67 76 85 86 90 93 98 108 114
330 330 23 2 4 10 15 23 26 34 36 39 42 52 55 59 63 67 76 85 86 90 93 98 108 114
331 331 23 1 3 10 13 23 25 34 36 38 44 52 54 59 63 67 76 85 86 90 93 98 110 113
332 332 23 2 4 9 15 23 27 34 36 39 41 52 55 59 63 67 76 85 86 90 93 98 107 115
333 333 23 2 4 10 14 23 27 34 36 39 44 52 55 59 63 67 76 85 86 90 93 99 108 115
334 334 23 2 4 10 14 23 26 34 36 39 41 52 55 59 63 67 76 85 86 90 93 98 107 114
335 335 23 2 3 10 15 23 27 34 36 39 42 52 55 59 63 67 76 85 86 90 93 99 108 114
336 336 23 2 3 11 13 23 28 34 36 39 43 53 56 59 63 69 76 85 86 90 93 98 111 116
337 337 23 2 3 10 13 23 26 34 36 39 44 52 57 59 65 67 76 85 86 90 93 98 111 114
338 338 23 2 4 9 14 23 27 34 36 39 41 52 55 59 63 67 76 85 86 90 93 99 107 114
339 339 23 2 3 11 16 24 28 34 36 38 42 52 54 59 63 67 76 85 86 90 93 99 110 113
340 340 23 2 3 10 13 23 27 34 36 39 41 52 57 59 65 67 76 85 86 90 93 98 111 114
341 341 23 2 3 9 15 23 26 34 36 39 40 52 55 59 63 67 76 85 86 90 93 99 107 114
342 342 23 2 4 10 15 23 26 34 36 39 41 52 55 59 63 67 76 85 86 90 93 98 108 114
343 343 23 2 3 9 14 23 26 34 36 39 42 52 55 59 63 67 76 85 86 90 93 98 107 115
344 344 23 2 6 11 14 23 26 34 37 38 43 53 56 59 63 67 76 85 86 90 93 99 110 116
345 345 23 2 4 10 14 23 27 34 36 39 42 52 55 59 63 67 76 85 86 90 93 99 107 114
346 346 23 2 3 11 13 24 28 34 37 39 41 53 54 59 64 67 76 85 86 90 94 99 109 114
347 347 23 2 3 11 14 23 27 34 37 38 41 53 56 59 63 67 76 85 86 90 93 99 110 116
348 348 23 2 3 9 14 23 26 34 36 39 41 52 55 59 63 67 76 85 86 90 93 99 108 115
349 349 23 2 6 9 16 24 28 34 37 39 41 53 54 59 64 67 76 85 86 90 94 98 107 114
350 350 23 2 3 11 13 24 28 34 36 38 42 52 54 59 63 67 76 85 86 90 93 99 111 113
351 351 23 2 6 9 16 24 28 34 37 39 45 53 54 60 64 67 76 85 86 90 94 99 109 114
352 352 23 2 6 10 13 23 26 34 36 39 43 52 57 59 65 67 76 85 86 90 93 99 107 117
353 353 23 2 4 10 15 23 26 34 36 39 40 52 55 59 63 67 76 85 86 90 93 99 107 114
354 354 23 2 4 9 14 23 26 34 36 39 40 52 55 59 63 67 76 85 86 90 93 98 107 115
355 355 23 2 3 10 14 23 27 34 36 39 44 52 57 59 65 67 76 85 86 90 93 98 107 117
356 356 23 2 5 11 16 24 28 34 36 38 42 52 54 59 63 67 76 85 86 90 93 99 110 113
357 357 23 2 6 10 13 23 26 34 36 39 43 52 57 59 65 67 76 85 86 90 93 99 111 117
358 358 23 1 3 10 13 23 25 34 36 38 40 52 54 59 63 67 76 85 86 90 93 98 107 113
359 359 23 2 3 10 14 23 26 34 36 39 43 52 57 59 65 67 76 85 86 90 93 99 111 117
360 360 23 2 3 10 14 23 26 34 36 39 44 52 55 59 63 67 76 85 86 90 93 99 107 114
361 361 23 2 3 11 13 24 28 34 37 39 45 53 54 59 64 67 76 85 86 90 94 99 107 114
362 362 23 2 3 11 13 24 28 34 37 39 43 53 54 60 64 67 76 85 86 90 94 98 109 114
363 363 23 2 6 9 13 24 28 34 37 39 40 53 54 60 63 67 76 85 86 90 94 98 109 114
364 364 23 2 6 10 13 23 26 34 36 39 41 52 57 59 65 67 76 85 86 90 93 99 107 117
365 365 23 2 3 9 14 23 26 34 36 39 44 52 55 59 63 67 76 85 86 90 93 98 108 114
366 366 23 2 6 11 13 24 28 34 36 38 43 52 54 59 63 67 76 85 86 90 93 98 110 113
367 367 23 2 3 10 14 23 26 34 36 39 44 52 57 59 65 67 76 85 86 90 93 99 107 117
368 368 23 2 3 11 14 23 26 34 37 38 43 53 56 59 63 67 76 85 86 90 93 100 110 116
369 369 23 2 4 10 14 23 26 34 36 39 42 52 55 59 63 67 76 85 86 90 93 99 108 114
370 370 23 2 3 11 16 24 28 34 37 39 41 53 54 59 63 67 76 85 86 90 94 98 107 114
371 371 23 2 3 10 14 23 26 34 36 39 44 52 57 59 65 67 76 85 86 90 93 99 107 114
372 372 23 2 6 10 13 23 27 34 36 39 41 52 57 59 65 67 76 85 86 90 93 98 111 114
373 373 23 2 3 9 14 23 26 34 36 39 44 52 55 59 63 67 76 85 86 90 93 98 107 115
374 374 23 2 5 11 13 24 28 34 36 38 41 52 54 59 63 67 76 85 86 90 93 99 111 113
375 375 23 2 3 9 15 23 26 34 36 39 40 52 55 59 63 67 76 85 86 90 93 98 107 115
376 376 23 2 4 9 15 23 27 34 36 39 41 52 55 59 63 67 76 85 86 90 93 98 108 114
377 377 23 2 5 11 13 24 28 34 36 38 40 52 54 59 63 67 76 85 86 90 93 98 111 113
378 378 23 2 4 10 14 23 27 34 36 39 41 52 55 59 63 67 76 85 86 90 93 99 108 115
379 379 23 2 3 10 14 23 27 34 36 39 40 52 55 59 63 67 76 85 86 90 93 99 108 114
380 380 23 2 4 10 14 23 26 34 36 39 40 52 55 59 63 67 76 85 86 90 93 99 107 114
381 381 23 1 3 10 13 23 25 34 36 38 43 52 54 59 63 67 76 85 86 90 93 98 107 113
382 382 23 2 3 9 15 24 28 34 37 39 40 53 54 60 63 67 76 85 86 90 94 99 107 114
383 383 23 2 3 10 15 23 26 34 36 39 44 52 55 59 63 67 76 85 86 90 93 98 107 115
384 384 23 2 4 9 15 23 26 34 36 39 42 52 55 59 63 67 76 85 86 90 93 99 108 114
385 385 23 2 3 11 13 23 28 34 36 39 41 53 56 59 63 68 76 85 86 90 93 99 111 116
386 386 23 1 3 9 13 23 25 34 36 38 44 52 54 59 63 67 76 85 86 90 93 99 107 113
387 387 23 2 3 10 13 23 27 34 36 39 44 52 57 59 65 67 76 85 86 90 93 98 111 117
388 388 23 2 3 9 13 24 28 34 37 39 41 53 54 59 63 67 76 85 86 90 94 98 109 114
389 389 23 2 4 10 14 23 27 34 36 39 41 52 55 59 63 67 76 85 86 90 93 98 108 115
390 390 23 2 3 9 14 23 26 34 36 39 44 52 55 59 63 67 76 85 86 90 93 99 108 115
391 391 23 2 4 9 14 23 26 34 36 39 41 52 55 59 63 67 76 85 86 90 93 99 107 115
392 392 23 2 3 9 14 23 27 34 36 39 42 52 55 59 63 67 76 85 86 90 93 98 108 115
393 393 23 2 4 10 15 23 26 34 36 39 41 52 55 59 63 67 76 85 86 90 93 99 108 114
394 394 23 2 3 11 16 24 28 34 36 38 40 52 54 59 63 67 76 85 86 90 93 99 110 113
395 395 23 2 6 10 13 23 26 34 36 39 44 52 57 59 65 67 76 85 86 90 93 98 107 114
396 396 23 2 3 11 16 24 28 34 37 39 45 53 54 60 64 67 76 85 86 90 94 99 109 114
397 397 23 2 3 9 15 23 27 34 36 39 40 52 55 59 63 67 76 85 86 90 93 99 108 115
398 398 23 2 3 10 14 23 27 34 36 39 44 52 55 59 63 67 76 85 86 90 93 99 107 115
399 399 23 2 3 11 16 24 28 34 36 38 41 52 54 59 63 67 76 85 86 90 93 98 110 113
400 400 23 1 3 9 13 23 25 34 36 38 43 52 54 59 63 67 76 85 86 90 93 99 107 113
401 401 23 2 4 10 15 23 27 34 36 39 44 52 55 59 63 67 76 85 86 90 93 99 108 114
402 402 23 2 4 10 15 23 26 34 36 39 41 52 55 59 63 67 76 85 86 90 93 98 108 115
403 403 23 1 3 10 13 23 25 34 36 38 43 52 54 59 63 67 76 85 86 90 93 99 110 113
404 404 23 2 4 9 14 23 27 34 36 39 44 52 55 59 63 67 76 85 86 90 93 99 107 115
405 405 23 2 3 9 15 23 27 34 36 39 40 52 55 59 63 67 76 85 86 90 93 99 107 115
406 406 23 2 3 10 14 23 27 34 36 39 41 52 55 59 63 67 76 85 86 90 93 98 107 115
407 407 23 2 4 10 14 23 27 34 36 39 41 52 55 59 63 67 76 85 86 90 93 99 108 114
408 408 23 2 3 9 15 23 26 34 36 39 42 52 55 59 63 67 76 85 86 90 93 99 107 115
409 409 23 2 3 9 15 23 26 34 36 39 42 52 55 59 63 67 76 85 86 90 93 98 107 114
410 410 23 2 3 10 13 23 27 34 36 39 44 52 57 59 65 67 76 85 86 90 93 99 111 117
411 411 23 2 3 9 15 23 26 34 36 39 44 52 55 59 63 67 76 85 86 90 93 99 107 115
412 412 23 2 3 9 13 24 28 34 37 39 41 53 54 60 64 67 76 85 86 90 94 98 107 114
413 413 23 2 3 10 13 23 27 34 36 39 41 52 57 59 65 67 76 85 86 90 93 99 107 117
414 414 23 2 3 10 14 23 27 34 36 39 41 52 57 59 65 67 76 85 86 90 93 98 111 114
415 415 23 1 3 10 13 23 25 34 36 38 40 52 54 59 63 67 76 85 86 90 93 98 110 114
416 416 23 2 4 10 14 23 26 34 36 39 44 52 55 59 63 67 76 85 86 90 93 99 108 114
417 417 23 2 3 11 15 23 27 34 37 38 43 53 56 59 63 67 76 85 86 90 93 100 110 116
418 418 23 1 3 9 13 23 25 34 36 38 44 52 54 59 63 67 76 85 86 90 93 98 107 113
419 419 23 2 3 10 14 23 27 34 36 39 40 52 55 59 63 67 76 85 86 90 93 98 108 114
420 420 23 2 6 11 16 24 28 34 37 39 45 53 54 60 64 67 76 85 86 90 94 99 109 114
421 421 23 2 3 10 15 23 27 34 36 39 41 52 55 59 63 67 76 85 86 90 93 98 107 114
422 422 23 2 4 10 15 23 26 34 36 39 44 52 55 59 63 67 76 85 86 90 93 99 107 115
423 423 23 1 3 10 13 23 25 34 36 38 43 52 54 59 63 67 76 85 86 90 93 99 107 113
424 424 23 2 6 10 13 23 27 34 36 39 44 52 57 59 65 67 76 85 86 90 93 98 107 114
425 425 23 2 3 9 15 23 27 34 36 39 41 52 55 59 63 67 76 85 86 90 93 99 108 115
426 426 23 2 3 9 15 23 26 34 37 38 41 53 56 59 63 67 76 85 86 90 93 99 110 116
427 427 23 2 6 10 13 23 26 34 36 39 41 52 57 59 65 67 76 85 86 90 93 99 111 117
428 428 23 2 4 9 15 23 26 34 36 39 40 52 55 59 63 67 76 85 86 90 93 99 108 115
429 429 23 2 3 9 15 24 28 34 37 39 43 53 54 60 64 67 76 85 86 90 94 98 109 114
430 430 23 2 6 11 16 24 28 34 36 38 41 52 54 59 63 67 76 85 86 90 93 99 110 113
431 431 23 2 3 10 15 23 26 34 36 39 42 52 55 59 63 67 76 85 86 90 93 99 107 114
432 432 23 2 3 10 14 23 27 34 36 39 41 52 57 59 65 67 76 85 86 90 93 99 111 114
433 433 23 2 4 9 14 23 27 34 36 39 42 52 55 59 63 67 76 85 86 90 93 99 107 114
434 434 23 2 4 9 14 23 27 34 36 39 44 52 55 59 63 67 76 85 86 90 93 98 107 114
435 435 23 2 6 9 15 23 27 34 37 38 41 53 56 59 63 67 76 85 86 90 93 99 110 116
436 436 23 2 4 9 15 23 26 34 36 39 44 52 55 59 63 67 76 85 86 90 93 98 108 115
437 437 23 2 3 11 14 23 26 34 37 38 41 53 56 59 63 67 76 85 86 90 93 100 110 116
438 438 23 2 3 10 15 23 27 34 36 39 42 52 55 59 63 67 76 85 86 90 93 99 108 115
439 439 23 2 4 10 14 23 27 34 36 39 40 52 55 59 63 67 76 85 86 90 93 99 108 115
440 440 23 2 3 10 13 23 26 34 36 39 43 52 57 59 65 67 76 85 86 90 93 99 111 117
441 441 23 2 3 10 15 23 27 34 36 39 41 52 55 59 63 67 76 85 86 90 93 98 107 115
442 442 23 2 3 10 15 23 27 34 36 39 42 52 55 59 63 67 76 85 86 90 93 98 107 115
443 443 23 2 3 10 14 23 26 34 36 39 43 52 57 59 65 67 76 85 86 90 93 98 111 117
444 444 23 2 3 10 15 23 27 34 36 39 41 52 55 59 63 67 76 85 86 90 93 98 108 115
445 445 23 2 3 9 14 23 27 34 36 39 44 52 55 59 63 67 76 85 86 90 93 98 108 115
446 446 23 2 3 10 13 23 27 34 36 39 43 52 57 59 65 67 76 85 86 90 93 98 107 114
447 447 23 2 3 9 15 23 27 34 36 39 41 52 55 59 63 67 76 85 86 90 93 99 108 114
448 448 23 2 6 10 13 23 27 34 36 39 41 52 57 59 65 67 76 85 86 90 93 98 107 114
449 449 23 2 4 9 15 23 27 34 36 39 44 52 55 59 63 67 76 85 86 90 93 98 107 115
450 450 23 2 3 11 13 23 28 34 36 39 41 53 56 59 63 68 77 85 86 90 93 99 111 116
451 451 23 2 3 10 15 23 27 34 36 39 40 52 55 59 63 67 76 85 86 90 93 99 107 115
452 452 23 2 4 9 15 23 27 34 36 39 42 52 55 59 63 67 76 85 86 90 93 98 108 114
453 453 23 2 4 9 14 23 27 34 36 39 42 52 55 59 63 67 76 85 86 90 93 98 108 115
454 454 23 2 3 11 14 23 27 34 37 38 43 53 56 59 63 67 76 85 86 90 93 99 110 116
455 455 23 2 4 9 15 23 27 34 36 39 42 52 55 59 63 67 76 85 86 90 93 99 108 115
456 456 23 2 3 9 16 24 28 34 37 39 45 53 54 59 64 67 76 85 86 90 94 98 109 114
457 457 23 2 4 9 15 23 26 34 36 39 40 52 55 59 63 67 76 85 86 90 93 99 108 114
458 458 23 2 4 9 14 23 27 34 36 39 44 52 55 59 63 67 76 85 86 90 93 98 107 115
459 459 23 2 6 10 14 23 26 34 36 39 41 52 57 59 65 67 76 85 86 90 93 98 111 117
460 460 23 2 6 10 13 23 26 34 36 39 44 52 57 59 65 67 76 85 86 90 93 99 111 117
461 461 23 2 3 9 15 23 26 34 36 39 40 52 55 59 63 67 76 85 86 90 93 99 107 115
462 462 23 2 6 10 14 23 27 34 36 39 41 52 57 59 65 67 76 85 86 90 93 99 107 114
463 463 23 2 4 9 15 23 26 34 36 39 42 52 55 59 63 67 76 85 86 90 93 98 107 114
464 464 23 2 3 10 14 23 26 34 36 39 44 52 55 59 63 67 76 85 86 90 93 99 108 115
465 465 23 2 3 11 13 24 28 34 36 38 40 52 54 59 63 67 76 85 86 90 93 98 110 113
466 466 23 2 6 10 13 23 26 34 36 39 43 52 57 59 65 67 76 85 86 90 93 99 111 114
467 467 23 2 3 9 15 23 26 34 36 39 42 52 55 59 63 67 76 85 86 90 93 98 108 115
468 468 23 2 3 9 14 23 27 34 36 39 42 52 55 59 63 67 76 85 86 90 93 98 108 114
469 469 23 2 4 10 14 23 27 34 36 39 42 52 55 59 63 67 76 85 86 90 93 98 108 114
470 470 23 2 6 10 14 23 26 34 36 39 44 52 57 59 65 67 76 85 86 90 93 99 107 117
471 471 23 2 3 10 14 23 27 34 36 39 42 52 55 59 63 67 76 85 86 90 93 98 108 114
472 472 23 2 3 10 15 23 26 34 36 39 44 52 55 59 63 67 76 85 86 90 93 98 108 115
473 473 23 2 6 11 15 23 26 34 37 38 41 53 56 59 63 67 76 85 86 90 93 100 110 116
474 474 23 2 5 11 16 24 28 34 36 38 40 52 54 59 63 67 76 85 86 90 93 98 111 113
475 475 23 2 6 9 14 23 27 34 37 38 41 53 56 59 63 67 76 85 86 90 93 99 110 116
476 476 23 2 6 11 16 24 28 34 36 38 40 52 54 59 63 67 76 85 86 90 93 98 111 113
477 477 23 2 3 11 13 24 28 34 36 38 43 52 54 59 63 67 76 85 86 90 93 99 111 113
478 478 23 2 4 10 15 23 26 34 36 39 44 52 55 59 63 67 76 85 86 90 93 99 108 114
479 479 23 2 3 9 15 23 26 34 37 38 43 53 56 59 63 67 76 85 86 90 93 99 110 116
480 480 23 2 4 10 14 23 27 34 36 39 41 52 55 59 63 67 76 85 86 90 93 98 107 115
481 481 23 2 4 10 14 23 26 34 36 39 40 52 55 59 63 67 76 85 86 90 93 98 107 115
482 482 23 2 4 10 14 23 27 34 36 39 42 52 55 59 63 67 76 85 86 90 93 98 107 114
483 483 23 2 6 9 15 23 27 34 37 38 43 53 56 59 63 67 76 85 86 90 93 100 110 116
484 484 23 2 6 11 16 24 28 34 36 38 42 52 54 59 63 67 76 85 86 90 93 98 111 113
485 485 23 2 6 9 15 23 26 34 37 38 44 53 56 59 63 67 76 85 86 90 93 99 110 116
486 486 23 2 6 10 14 23 26 34 36 39 43 52 57 59 65 67 76 85 86 90 93 98 111 114
487 487 23 2 3 10 15 23 27 34 36 39 44 52 55 59 63 67 76 85 86 90 93 99 107 115
488 488 23 2 5 11 13 24 28 34 36 38 43 52 54 59 63 67 76 85 86 90 93 99 111 113
489 489 23 2 3 10 13 23 27 34 36 39 41 52 57 59 65 67 76 85 86 90 93 98 107 117
490 490 23 2 3 10 13 23 26 34 36 39 41 52 57 59 65 67 76 85 86 90 93 98 107 117
491 491 23 2 6 11 14 23 26 34 37 38 41 53 56 59 63 67 76 85 86 90 93 100 110 116
492 492 23 1 6 9 13 23 25 34 36 38 43 52 54 59 63 67 76 85 86 90 93 99 107 114
493 493 23 1 3 9 13 23 25 34 36 38 40 52 54 59 63 67 76 85 86 90 93 99 110 113
494 494 23 2 6 10 13 23 27 34 36 39 44 52 57 59 65 67 76 85 86 90 93 99 107 117
495 495 23 2 3 10 14 23 26 34 36 39 44 52 57 59 65 67 76 85 86 90 93 98 107 114
496 496 23 2 4 9 14 23 26 34 36 39 40 52 55 59 63 67 76 85 86 90 93 99 108 115
497 497 23 2 6 11 15 24 28 34 37 39 45 53 54 60 63 67 76 85 86 90 94 99 109 114
498 498 23 2 6 10 13 23 26 34 36 39 43 52 57 59 65 67 76 85 86 90 93 99 107 114
499 499 23 2 3 10 15 23 26 34 36 39 41 52 55 59 63 67 76 85 86 90 93 99 107 114
500 500 23 2 4 9 14 23 27 34 36 39 44 52 55 59 63 67 76 85 86 90 93 98 108 115
501 501 23 2 3 9 14 23 26 34 36 39 44 52 55 59 63 67 76 85 86 90 93 99 108 114
502 502 23 2 4 10 14 23 26 34 36 39 42 52 55 59 63 67 76 85 86 90 93 98 108 114
503 503 23 2 3 9 15 23 27 34 36 39 42 52 55 59 63 67 76 85 86 90 93 98 108 115
504 504 23 2 4 9 14 23 26 34 36 39 44 52 55 59 63 67 76 85 86 90 93 98 107 115
505 505 23 2 4 10 14 23 26 34 36 39 44 52 55 59 63 67 76 85 86 90 93 99 107 114
506 506 23 1 3 9 13 23 25 34 36 38 41 52 54 59 63 67 76 85 86 90 93 99 110 114
507 507 23 2 3 9 16 24 28 34 37 39 43 53 54 59 63 67 76 85 86 90 94 99 107 114
508 508 23 2 6 9 13 24 28 34 37 39 43 53 54 60 63 67 76 85 86 90 94 99 109 114
509 509 23 2 3 11 15 23 26 34 37 38 41 53 56 59 63 67 76 85 86 90 93 99 110 116
510 510 23 2 6 11 16 24 28 34 36 38 43 52 54 59 63 67 76 85 86 90 93 99 110 113
511 511 23 2 6 11 13 24 28 34 36 38 40 52 54 59 63 67 76 85 86 90 93 99 111 113
512 512 23 2 4 10 14 23 26 34 36 39 40 52 55 59 63 67 76 85 86 90 93 98 107 114
513 513 23 2 3 11 15 23 26 34 37 38 41 53 56 59 63 67 76 85 86 90 93 100 110 116
514 514 23 2 5 11 16 24 28 34 36 38 41 52 54 59 63 67 76 85 86 90 93 99 110 113
515 515 23 2 3 11 13 24 28 34 36 38 40 52 54 59 63 67 76 85 86 90 93 99 110 113
516 516 23 2 3 11 15 24 28 34 37 39 45 53 54 60 63 67 76 85 86 90 94 99 109 114
517 517 23 2 3 10 13 23 27 34 36 39 41 52 57 59 65 67 76 85 86 90 93 98 111 117
518 518 23 2 4 9 14 23 26 34 36 39 40 52 55 59 63 67 76 85 86 90 93 98 108 114
519 519 23 2 3 10 15 23 27 34 36 39 40 52 55 59 63 67 76 85 86 90 93 98 107 114
520 520 23 2 3 10 14 23 26 34 36 39 40 52 55 59 63 67 76 85 86 90 93 99 108 114
521 521 23 2 3 9 15 23 27 34 36 39 44 52 55 59 63 67 76 85 86 90 93 98 108 115
522 522 23 2 4 9 15 23 27 34 36 39 41 52 55 59 63 67 76 85 86 90 93 98 107 114
523 523 23 2 6 10 14 23 26 34 36 39 43 52 57 59 65 67 76 85 86 90 93 99 111 117
524 524 23 1 3 9 13 23 25 34 36 38 41 52 54 59 63 67 76 85 86 90 93 99 107 113
525 525 23 2 6 11 16 24 28 34 36 38 41 52 54 59 63 67 76 85 86 90 93 98 111 113
526 526 23 2 4 9 14 23 27 34 36 39 44 52 55 59 63 67 76 85 86 90 93 99 107 114
527 527 23 2 6 10 13 23 26 34 36 39 44 52 57 59 65 67 76 85 86 90 93 99 107 117
528 528 23 2 3 9 14 23 26 34 36 39 40 52 55 59 63 67 76 85 86 90 93 99 107 115
529 529 23 2 3 11 13 24 28 34 36 38 40 52 54 59 63 67 76 85 86 90 93 98 111 113
530 530 23 2 6 10 14 23 26 34 36 39 44 52 57 59 65 67 76 85 86 90 93 99 111 117
531 531 23 2 3 10 13 23 26 34 36 39 41 52 57 59 65 67 76 85 86 90 93 99 111 117
532 532 23 2 3 9 15 23 26 34 36 39 41 52 55 59 63 67 76 85 86 90 93 98 107 114
533 533 23 1 3 10 15 23 25 34 36 38 41 52 54 59 63 67 76 85 86 90 93 98 107 114
534 534 23 2 6 10 13 23 27 34 36 39 44 52 57 59 65 67 76 85 86 90 93 98 111 117
535 535 23 1 6 9 13 23 25 34 36 38 40 52 54 59 63 67 76 85 86 90 93 98 107 114
536 536 23 2 3 11 15 24 28 34 37 39 40 53 54 60 63 67 76 85 86 90 94 98 107 114
537 537 23 2 4 10 15 23 26 34 36 39 40 52 55 59 63 67 76 85 86 90 93 98 107 115
538 538 23 2 5 11 13 24 28 34 36 38 43 52 54 59 63 67 76 85 86 90 93 98 110 113
539 539 23 2 3 10 14 23 27 34 36 39 42 52 55 59 63 67 76 85 86 90 93 99 107 115
540 540 23 2 6 9 15 23 26 34 37 38 43 53 56 59 63 67 76 85 86 90 93 100 110 116
541 541 23 2 3 9 14 23 26 34 36 39 41 52 55 59 63 67 76 85 86 90 93 98 107 115
542 542 23 2 6 11 16 24 28 34 37 39 43 53 54 59 64 67 76 85 86 90 94 98 107 114
543 543 23 1 3 10 15 23 25 34 36 38 41 52 54 59 63 67 76 85 86 90 93 99 107 114
544 544 23 2 3 10 14 23 26 34 36 39 43 52 57 59 65 67 76 85 86 90 93 98 107 114
545 545 23 2 6 11 13 24 28 34 37 39 41 53 54 59 63 67 76 85 86 90 94 98 109 114
546 546 23 2 3 9 15 23 26 34 36 39 44 52 55 59 63 67 76 85 86 90 93 98 107 115
547 547 23 2 4 10 14 23 27 34 36 39 42 52 55 59 63 67 76 85 86 90 93 99 107 115
548 548 23 2 6 11 16 24 28 34 36 38 42 52 54 59 63 67 76 85 86 90 93 99 110 113
549 549 23 2 3 11 14 23 27 34 37 38 43 53 56 59 63 67 76 85 86 90 93 100 110 116
550 550 23 2 3 9 14 23 26 34 36 39 42 52 55 59 63 67 76 85 86 90 93 99 108 115
551 551 23 2 6 11 13 24 28 34 36 38 41 52 54 59 63 67 76 85 86 90 93 99 111 113
552 552 23 2 3 11 16 24 28 34 37 39 45 53 54 60 63 67 76 85 86 90 94 99 107 114
553 553 23 2 3 10 14 23 27 34 36 39 43 52 57 59 65 67 76 85 86 90 93 98 107 117
554 554 23 2 6 9 15 23 27 34 37 38 43 53 56 59 63 67 76 85 86 90 93 99 110 116
555 555 23 2 3 9 14 23 27 34 36 39 40 52 55 59 63 67 76 85 86 90 93 98 107 114
556 556 23 2 6 10 14 23 26 34 36 39 43 52 57 59 65 67 76 85 86 90 93 98 111 117
557 557 23 1 3 10 13 23 25 34 36 38 40 52 54 59 63 67 76 85 86 90 93 98 110 113
558 558 23 2 3 11 15 23 27 34 37 38 44 53 56 59 63 67 76 85 86 90 93 100 110 116
559 559 23 2 3 9 15 23 27 34 36 39 44 52 55 59 63 67 76 85 86 90 93 98 108 114
560 560 23 2 3 10 14 23 26 34 36 39 42 52 55 59 63 67 76 85 86 90 93 99 108 115
561 561 23 2 4 9 14 23 26 34 36 39 42 52 55 59 63 67 76 85 86 90 93 99 107 114
562 562 23 2 3 9 14 23 26 34 37 38 44 53 56 59 63 67 76 85 86 90 93 100 110 116
563 563 23 2 3 9 14 23 26 34 37 38 41 53 56 59 63 67 76 85 86 90 93 100 110 116
564 564 23 2 3 11 15 24 28 34 37 39 41 53 54 60 63 67 76 85 86 90 94 98 107 114
565 565 23 2 4 9 15 23 26 34 36 39 44 52 55 59 63 67 76 85 86 90 93 99 107 115
566 566 23 1 3 10 15 23 25 34 36 38 44 52 54 59 63 67 76 85 86 90 93 98 110 114
567 567 23 2 3 10 14 23 26 34 36 39 42 52 55 59 63 67 76 85 86 90 93 99 108 114
568 568 23 2 6 9 16 24 28 34 37 39 40 53 54 59 64 67 76 85 86 90 94 98 107 114
569 569 23 1 3 9 13 23 25 34 36 38 41 52 54 59 63 67 76 85 86 90 93 99 107 114
570 570 23 2 4 10 15 23 26 34 36 39 44 52 55 59 63 67 76 85 86 90 93 98 108 115
571 571 23 2 3 9 15 23 26 34 36 39 40 52 55 59 63 67 76 85 86 90 93 98 108 115
572 572 23 2 6 11 14 23 27 34 37 38 41 53 56 59 63 67 76 85 86 90 93 99 110 116
573 573 23 2 3 9 14 23 26 34 36 39 40 52 55 59 63 67 76 85 86 90 93 98 108 114
574 574 23 2 4 10 15 23 27 34 36 39 44 52 55 59 63 67 76 85 86 90 93 98 108 114
575 575 23 2 3 10 13 23 26 34 36 39 44 52 57 59 65 67 76 85 86 90 93 99 111 114
576 576 23 2 3 9 14 23 27 34 36 39 44 52 55 59 63 67 76 85 86 90 93 99 107 114
577 577 23 2 3 11 13 24 28 34 36 38 43 52 54 59 63 67 76 85 86 90 93 99 110 113
578 578 23 2 3 9 14 23 27 34 36 39 41 52 55 59 63 67 76 85 86 90 93 99 107 114
579 579 23 2 3 10 14 23 27 34 36 39 44 52 57 59 65 67 76 85 86 90 93 99 111 114
580 580 23 1 3 9 13 23 25 34 36 38 44 52 54 59 63 67 76 85 86 90 93 99 107 114
581 581 23 2 3 9 15 23 26 34 36 39 42 52 55 59 63 67 76 85 86 90 93 99 108 115
582 582 23 2 3 9 14 23 26 34 36 39 44 52 55 59 63 67 76 85 86 90 93 99 107 115
583 583 23 2 3 10 15 23 27 34 36 39 40 52 55 59 63 67 76 85 86 90 93 98 108 114
584 584 23 2 3 10 14 23 26 34 36 39 41 52 57 59 65 67 76 85 86 90 93 99 111 114
585 585 23 2 6 10 14 23 26 34 36 39 44 52 57 59 65 67 76 85 86 90 93 98 107 114
586 586 23 2 3 10 15 23 26 34 36 39 40 52 55 59 63 67 76 85 86 90 93 99 107 115
587 587 23 2 5 11 16 24 28 34 36 38 42 52 54 59 63 67 76 85 86 90 93 98 110 113
588 588 23 2 6 11 13 24 28 34 36 38 41 52 54 59 63 67 76 85 86 90 93 98 111 113
589 589 23 2 5 11 16 24 28 34 36 38 41 52 54 59 63 67 76 85 86 90 93 98 110 113
590 590 23 2 3 10 15 23 26 34 36 39 41 52 55 59 63 67 76 85 86 90 93 98 108 115
591 591 23 1 3 9 15 23 25 34 36 38 40 52 54 59 63 67 76 85 86 90 93 98 107 113
592 592 23 2 3 9 16 24 28 34 37 39 45 53 54 59 64 67 76 85 86 90 94 98 107 114
593 593 23 2 3 10 14 23 27 34 36 39 42 52 55 59 63 67 76 85 86 90 93 98 107 114
594 594 23 1 3 10 15 23 25 34 36 38 40 52 54 59 63 67 76 85 86 90 93 99 107 114
595 595 23 2 3 9 14 23 26 34 36 39 42 52 55 59 63 67 76 85 86 90 93 98 108 115
596 596 23 1 3 9 13 23 25 34 36 38 43 52 54 59 63 67 76 85 86 90 93 98 110 113
597 597 23 2 4 9 14 23 27 34 36 39 41 52 55 59 63 67 76 85 86 90 93 98 108 115
598 598 23 2 4 10 15 23 27 34 36 39 42 52 55 59 63 67 76 85 86 90 93 98 107 115
599 599 23 1 3 10 15 23 25 34 36 38 43 52 54 59 63 67 76 85 86 90 93 99 107 114
600 600 23 1 3 9 13 23 25 34 36 38 41 52 54 59 63 67 76 85 86 90 93 98 107 113
601 601 23 2 3 9 16 24 28 34 37 39 41 53 54 59 64 67 76 85 86 90 94 99 109 114
602 602 23 2 3 10 13 23 27 34 36 39 44 52 57 59 65 67 76 85 86 90 93 99 111 114
603 603 23 2 6 11 15 24 28 34 37 39 40 53 54 60 64 67 76 85 86 90 94 99 109 114
604 604 23 2 6 10 13 23 27 34 36 39 41 52 57 59 65 67 76 85 86 90 93 99 107 117
605 605 23 2 4 10 15 23 27 34 36 39 44 52 55 59 63 67 76 85 86 90 93 98 107 115
606 606 23 2 4 9 15 23 26 34 36 39 41 52 55 59 63 67 76 85 86 90 93 98 108 114
607 607 23 2 3 9 16 24 28 34 37 39 41 53 54 59 64 67 76 85 86 90 94 99 107 114
608 608 23 2 6 10 13 23 26 34 36 39 41 52 57 59 65 67 76 85 86 90 93 98 111 114
609 609 23 2 3 9 15 23 27 34 36 39 44 52 55 59 63 67 76 85 86 90 93 98 107 115
610 610 23 2 6 11 16 24 28 34 36 38 41 52 54 59 63 67 76 85 86 90 93 98 110 113
611 611 23 2 6 9 13 24 28 34 37 39 45 53 54 60 63 67 76 85 86 90 94 99 109 114
612 612 23 2 3 11 16 24 28 34 37 39 41 53 54 59 64 67 76 85 86 90 94 99 107 114
613 613 23 2 6 9 15 24 28 34 37 39 43 53 54 59 64 67 76 85 86 90 94 98 109 114
614 614 23 1 3 9 15 23 25 34 36 38 40 52 54 59 63 67 76 85 86 90 93 99 107 113
615 615 23 2 3 10 14 23 27 34 36 39 43 52 57 59 65 67 76 85 86 90 93 98 107 114
616 616 23 2 4 9 15 23 27 34 36 39 42 52 55 59 63 67 76 85 86 90 93 98 107 114
617 617 23 2 6 11 16 24 28 34 37 39 43 53 54 59 63 67 76 85 86 90 94 98 109 114
618 618 23 2 4 10 15 23 27 34 36 39 42 52 55 59 63 67 76 85 86 90 93 98 107 114
619 619 23 2 4 9 14 23 26 34 36 39 41 52 55 59 63 67 76 85 86 90 93 99 108 115
620 620 23 2 5 11 16 24 28 34 36 38 41 52 54 59 63 67 76 85 86 90 93 99 111 113
621 621 23 2 6 10 14 23 27 34 36 39 43 52 57 59 65 67 76 85 86 90 93 98 107 114
622 622 23 2 4 9 15 23 27 34 36 39 44 52 55 59 63 67 76 85 86 90 93 99 108 114
623 623 23 2 3 11 15 23 27 34 37 38 41 53 56 59 63 67 76 85 86 90 93 100 110 116
624 624 23 2 6 10 14 23 26 34 36 39 41 52 57 59 65 67 76 85 86 90 93 98 107 117
625 625 23 2 6 11 16 24 28 34 36 38 43 52 54 59 63 67 76 85 86 90 93 98 111 113
626 626 23 2 3 9 15 23 27 34 36 39 42 52 55 59 63 67 76 85 86 90 93 98 107 115
627 627 23 2 6 11 14 23 27 34 37 38 44 53 56 59 63 67 76 85 86 90 93 100 110 116
628 628 23 2 5 11 16 24 28 34 36 38 43 52 54 59 63 67 76 85 86 90 93 98 111 113
629 629 23 2 4 10 15 23 26 34 36 39 42 52 55 59 63 67 76 85 86 90 93 99 107 114
630 630 23 2 4 9 15 23 26 34 36 39 40 52 55 59 63 67 76 85 86 90 93 98 108 114
631 631 23 2 6 11 13 24 28 34 37 39 41 53 54 59 63 67 76 85 86 90 94 99 107 114
632 632 23 2 4 10 14 23 26 34 36 39 40 52 55 59 63 67 76 85 86 90 93 98 108 115
633 633 23 2 3 11 13 23 28 34 36 39 41 53 56 59 63 67 78 85 86 90 93 98 110 116
634 634 23 2 3 10 13 23 27 34 36 39 41 52 57 59 65 67 76 85 86 90 93 98 107 114
635 635 23 2 3 10 13 23 26 34 36 39 43 52 57 59 65 67 76 85 86 90 93 99 107 114
636 636 23 2 4 10 14 23 26 34 36 39 44 52 55 59 63 67 76 85 86 90 93 99 107 115
637 637 23 2 6 10 14 23 26 34 36 39 43 52 57 59 65 67 76 85 86 90 93 98 107 114
638 638 23 2 3 10 14 23 27 34 36 39 41 52 55 59 63 67 76 85 86 90 93 98 108 115
639 639 23 2 3 9 13 24 28 34 37 39 45 53 54 59 63 67 76 85 86 90 94 98 107 114
640 640 23 2 3 10 15 23 26 34 36 39 42 52 55 59 63 67 76 85 86 90 93 98 107 115
641 641 23 2 4 10 14 23 27 34 36 39 44 52 55 59 63 67 76 85 86 90 93 98 108 115
642 642 23 2 3 10 13 23 26 34 36 39 41 52 57 59 65 67 76 85 86 90 93 99 111 114
643 643 23 2 6 10 13 23 27 34 36 39 44 52 57 59 65 67 76 85 86 90 93 98 107 117
644 644 23 2 6 10 13 23 26 34 36 39 44 52 57 59 65 67 76 85 86 90 93 98 111 114
645 645 23 2 6 10 14 23 27 34 36 39 41 52 57 59 65 67 76 85 86 90 93 98 107 117
646 646 23 2 3 9 14 23 27 34 37 38 41 53 56 59 63 67 76 85 86 90 93 100 110 116
647 647 23 2 4 10 15 23 26 34 36 39 42 52 55 59 63 67 76 85 86 90 93 98 107 115
648 648 23 2 4 9 15 23 27 34 36 39 40 52 55 59 63 67 76 85 86 90 93 98 108 115
649 649 23 2 3 10 14 23 26 34 36 39 41 52 55 59 63 67 76 85 86 90 93 98 107 114
650 650 23 2 6 11 15 23 27 34 37 38 43 53 56 59 63 67 76 85 86 90 93 100 110 116
651 651 23 2 3 9 14 23 26 34 36 39 41 52 55 59 63 67 76 85 86 90 93 98 107 114
652 652 23 2 4 9 14 23 27 34 36 39 41 52 55 59 63 67 76 85 86 90 93 99 108 115
653 653 23 2 6 10 14 23 26 34 36 39 44 52 57 59 65 67 76 85 86 90 93 98 111 114
654 654 23 1 3 10 13 23 25 34 36 38 44 52 54 59 63 67 76 85 86 90 93 98 107 114
655 655 23 1 3 10 15 23 25 34 36 38 44 52 54 59 63 67 76 85 86 90 93 98 110 113
656 656 23 2 3 9 14 23 27 34 36 39 42 52 55 59 63 67 76 85 86 90 93 99 107 114
657 657 23 2 6 11 15 24 28 34 37 39 40 53 54 59 63 67 76 85 86 90 94 99 107 114
658 658 23 2 4 9 14 23 26 34 36 39 42 52 55 59 63 67 76 85 86 90 93 98 108 114
659 659 23 2 3 10 14 23 27 34 36 39 44 52 57 59 65 67 76 85 86 90 93 98 111 117
660 660 23 2 6 11 16 24 28 34 36 38 40 52 54 59 63 67 76 85 86 90 93 99 111 113
661 661 23 2 4 9 15 23 26 34 36 39 41 52 55 59 63 67 76 85 86 90 93 98 107 114
662 662 23 2 3 9 15 23 27 34 36 39 40 52 55 59 63 67 76 85 86 90 93 98 107 115
663 663 23 1 3 10 13 23 25 34 36 38 41 52 54 59 63 67 76 85 86 90 93 98 107 114
664 664 23 1 3 9 13 23 25 34 36 38 40 52 54 59 63 67 76 85 86 90 93 99 107 114
665 665 23 2 4 9 15 23 27 34 36 39 42 52 55 59 63 67 76 85 86 90 93 99 107 114
666 666 23 2 4 9 14 23 26 34 36 39 44 52 55 59 63 67 76 85 86 90 93 99 108 115
667 667 23 2 6 10 13 23 26 34 36 39 44 52 57 59 65 67 76 85 86 90 93 99 107 114
668 668 23 2 3 10 14 23 27 34 36 39 43 52 57 59 65 67 76 85 86 90 93 99 111 114
669 669 23 2 6 10 14 23 27 34 36 39 41 52 57 59 65 67 76 85 86 90 93 99 111 117
670 670 23 2 3 10 15 23 26 34 36 39 44 52 55 59 63 67 76 85 86 90 93 99 108 114
671 671 23 2 3 9 14 23 26 34 36 39 40 52 55 59 63 67 76 85 86 90 93 98 107 114
672 672 23 2 6 11 13 24 28 34 36 38 43 52 54 59 63 67 76 85 86 90 93 99 110 113
673 673 23 2 6 11 13 24 28 34 37 39 43 53 54 59 63 67 76 85 86 90 94 98 109 114
674 674 23 2 3 11 14 23 27 34 37 38 44 53 56 59 63 67 76 85 86 90 93 100 110 116
675 675 23 2 6 10 14 23 27 34 36 39 44 52 57 59 65 67 76 85 86 90 93 99 107 117
676 676 23 2 6 11 13 24 28 34 36 38 42 52 54 59 63 67 76 85 86 90 93 98 111 113
677 677 23 2 6 11 16 24 28 34 36 38 40 52 54 59 63 67 76 85 86 90 93 99 110 113
678 678 23 2 3 10 13 23 27 34 36 39 41 52 57 59 65 67 76 85 86 90 93 99 111 114
679 679 23 2 3 10 14 23 27 34 36 39 44 52 57 59 65 67 76 85 86 90 93 99 111 117
680 680 23 2 4 9 15 23 26 34 36 39 42 52 55 59 63 67 76 85 86 90 93 98 107 115
681 681 23 2 3 9 15 23 27 34 37 38 41 53 56 59 63 67 76 85 86 90 93 99 110 116
682 682 23 2 3 10 15 23 26 34 36 39 41 52 55 59 63 67 76 85 86 90 93 99 108 115
683 683 23 2 3 11 14 23 26 34 37 38 44 53 56 59 63 67 76 85 86 90 93 100 110 116
684 684 23 2 4 9 14 23 26 34 36 39 44 52 55 59 63 67 76 85 86 90 93 98 108 114
685 685 23 2 3 11 13 23 28 34 36 39 43 53 56 59 63 69 76 85 86 90 93 99 110 116
686 686 23 2 3 10 15 23 26 34 36 39 42 52 55 59 63 67 76 85 86 90 93 98 108 115
687 687 23 2 6 11 16 24 28 34 36 38 40 52 54 59 63 67 76 85 86 90 93 98 110 113
688 688 23 2 4 10 15 23 26 34 36 39 41 52 55 59 63 67 76 85 86 90 93 99 107 115
689 689 23 2 3 10 14 23 27 34 36 39 44 52 55 59 63 67 76 85 86 90 93 98 108 115
690 690 23 2 3 9 15 23 26 34 36 39 40 52 55 59 63 67 76 85 86 90 93 98 107 114
691 691 23 2 4 9 14 23 26 34 36 39 44 52 55 59 63 67 76 85 86 90 93 98 107 114
692 692 23 2 4 10 15 23 27 34 36 39 40 52 55 59 63 67 76 85 86 90 93 98 107 114
693 693 23 2 3 10 13 23 26 34 36 39 43 52 57 59 65 67 76 85 86 90 93 99 107 117
694 694 23 2 6 9 16 24 28 34 37 39 40 53 54 60 63 67 76 85 86 90 94 99 109 114
695 695 23 1 3 10 13 23 25 34 36 38 43 52 54 59 63 67 76 85 86 90 93 99 107 114
696 696 23 2 4 10 15 23 26 34 36 39 41 52 55 59 63 67 76 85 86 90 93 99 107 114
697 697 23 2 4 9 14 23 26 34 36 39 44 52 55 59 63 67 76 85 86 90 93 99 107 115
698 698 23 1 3 10 13 23 25 34 36 38 44 52 54 59 63 67 76 85 86 90 93 98 110 114
699 699 23 1 3 9 13 23 25 34 36 38 43 52 54 59 63 67 76 85 86 90 93 99 110 113
700 700 23 2 6 9 13 24 28 34 37 39 41 53 54 60 63 67 76 85 86 90 94 99 109 114
701 701 23 1 3 9 13 23 25 34 36 38 44 52 54 59 63 67 76 85 86 90 93 98 107 114
702 702 23 2 6 11 16 24 28 34 37 39 45 53 54 59 64 67 76 85 86 90 94 99 109 114
703 703 23 2 3 10 14 23 27 34 36 39 41 52 57 59 65 67 76 85 86 90 93 98 107 117
704 704 23 2 4 10 15 23 27 34 36 39 40 52 55 59 63 67 76 85 86 90 93 98 108 115
705 705 23 2 6 10 14 23 27 34 36 39 43 52 57 59 65 67 76 85 86 90 93 99 107 117
706 706 23 2 6 10 14 23 27 34 36 39 43 52 57 59 65 67 76 85 86 90 93 98 111 117
707 707 23 2 4 10 14 23 27 34 36 39 40 52 55 59 63 67 76 85 86 90 93 98 108 115
708 708 23 2 5 11 13 24 28 34 36 38 43 52 54 59 63 67 76 85 86 90 93 98 111 113
709 709 23 2 3 9 15 23 26 34 36 39 40 52 55 59 63 67 76 85 86 90 93 99 108 115
710 710 23 2 4 10 14 23 26 34 36 39 42 52 55 59 63 67 76 85 86 90 93 98 108 115
711 711 23 2 6 10 14 23 26 34 36 39 44 52 57 59 65 67 76 85 86 90 93 98 107 117
712 712 23 2 6 9 13 24 28 34 37 39 43 53 54 60 64 67 76 85 86 90 94 99 109 114
713 713 23 2 3 9 15 23 27 34 36 39 44 52 55 59 63 67 76 85 86 90 93 99 107 115
714 714 23 2 4 10 14 23 27 34 36 39 44 52 55 59 63 67 76 85 86 90 93 99 108 114
715 715 23 2 4 10 14 23 27 34 36 39 40 52 55 59 63 67 76 85 86 90 93 98 107 114
716 716 23 2 4 10 14 23 26 34 36 39 41 52 55 59 63 67 76 85 86 90 93 99 107 115
717 717 23 2 4 9 15 23 27 34 36 39 40 52 55 59 63 67 76 85 86 90 93 99 107 115
718 718 23 2 3 10 14 23 26 34 36 39 41 52 57 59 65 67 76 85 86 90 93 98 107 117
719 719 23 2 3 10 13 23 26 34 36 39 41 52 57 59 65 67 76 85 86 90 93 99 107 114
720 720 23 2 5 11 13 24 28 34 36 38 42 52 54 59 63 67 76 85 86 90 93 98 110 113
721 721 23 2 6 10 13 23 26 34 36 39 41 52 57 59 65 67 76 85 86 90 93 99 107 114
722 722 23 2 3 9 15 23 26 34 36 39 40 52 55 59 63 67 76 85 86 90 93 98 108 114
723 723 23 2 6 9 14 23 27 34 37 38 44 53 56 59 63 67 76 85 86 90 93 99 110 116
724 724 23 2 3 9 13 24 28 34 37 39 43 53 54 59 63 67 76 85 86 90 94 99 109 114
725 725 23 2 6 10 14 23 26 34 36 39 41 52 57 59 65 67 76 85 86 90 93 98 107 114
726 726 23 1 3 10 13 23 25 34 36 38 40 52 54 59 63 67 76 85 86 90 93 99 110 114
727 727 23 2 3 9 15 23 27 34 36 39 44 52 55 59 63 67 76 85 86 90 93 99 108 114
728 728 23 2 3 11 15 24 28 34 37 39 45 53 54 60 63 67 76 85 86 90 94 99 107 114
729 729 23 2 4 9 15 23 26 34 36 39 41 52 55 59 63 67 76 85 86 90 93 99 107 115
730 730 23 2 3 10 15 23 27 34 36 39 44 52 55 59 63 67 76 85 86 90 93 98 107 115
731 731 23 2 6 10 14 23 27 34 36 39 44 52 57 59 65 67 76 85 86 90 93 98 111 114
732 732 23 2 3 11 13 24 28 34 37 39 41 53 54 60 63 67 76 85 86 90 94 99 107 114
733 733 23 1 3 9 15 23 25 34 36 38 40 52 54 59 63 67 76 85 86 90 93 99 107 114
734 734 23 1 3 10 15 23 25 34 36 38 43 52 54 59 63 67 76 85 86 90 93 98 107 113
735 735 23 2 3 10 15 23 27 34 36 39 42 52 55 59 63 67 76 85 86 90 93 98 108 114
736 736 23 2 4 10 15 23 26 34 36 39 44 52 55 59 63 67 76 85 86 90 93 99 107 114
737 737 23 2 3 11 15 23 26 34 37 38 44 53 56 59 63 67 76 85 86 90 93 99 110 116
738 738 23 1 3 10 15 23 25 34 36 38 44 52 54 59 63 67 76 85 86 90 93 98 107 113
739 739 23 2 3 9 15 23 27 34 36 39 42 52 55 59 63 67 76 85 86 90 93 98 107 114
740 740 23 2 3 11 16 24 28 34 36 38 43 52 54 59 63 67 76 85 86 90 93 98 110 113
741 741 23 2 3 11 13 24 28 34 36 38 43 52 54 59 63 67 76 85 86 90 93 98 110 113
742 742 23 2 4 9 15 23 26 34 36 39 41 52 55 59 63 67 76 85 86 90 93 98 107 115
743 743 23 2 3 10 13 23 26 34 36 39 43 52 57 59 65 67 76 85 86 90 93 98 107 114
744 744 23 2 4 10 15 23 26 34 36 39 40 52 55 59 63 67 76 85 86 90 93 99 108 115
745 745 23 2 6 10 14 23 27 34 36 39 41 52 57 59 65 67 76 85 86 90 93 99 107 117
746 746 23 2 3 10 15 23 27 34 36 39 41 52 55 59 63 67 76 85 86 90 93 99 108 114
747 747 23 2 4 10 15 23 27 34 36 39 44 52 55 59 63 67 76 85 86 90 93 99 107 114
748 748 23 2 4 10 15 23 26 34 36 39 44 52 55 59 63 67 76 85 86 90 93 98 107 115
749 749 23 1 3 9 13 23 25 34 36 38 44 52 54 59 63 67 76 85 86 90 93 99 110 113
750 750 23 2 6 9 14 23 26 34 37 38 41 53 56 59 63 67 76 85 86 90 93 100 110 116
751 751 23 2 3 10 13 23 26 34 36 39 41 52 57 59 65 67 76 85 86 90 93 99 107 117
752 752 23 2 4 9 14 23 27 34 36 39 40 52 55 59 63 67 76 85 86 90 93 99 108 114
753 753 23 2 6 9 15 23 26 34 37 38 41 53 56 59 63 67 76 85 86 90 93 100 110 116
754 754 23 2 4 10 14 23 27 34 36 39 44 52 55 59 63 67 76 85 86 90 93 98 107 114
755 755 23 2 4 10 14 23 26 34 36 39 40 52 55 59 63 67 76 85 86 90 93 99 108 115
756 756 23 2 4 9 14 23 26 34 36 39 41 52 55 59 63 67 76 85 86 90 93 98 108 114
757 757 23 2 6 10 14 23 27 34 36 39 41 52 57 59 65 67 76 85 86 90 93 99 111 114
758 758 23 2 3 9 15 24 28 34 37 39 41 53 54 60 64 67 76 85 86 90 94 99 109 114
759 759 23 2 4 10 14 23 26 34 36 39 44 52 55 59 63 67 76 85 86 90 93 99 108 115
760 760 23 2 3 10 13 23 26 34 36 39 41 52 57 59 65 67 76 85 86 90 93 98 111 117
761 761 23 2 4 9 15 23 27 34 36 39 42 52 55 59 63 67 76 85 86 90 93 99 108 114
762 762 23 2 6 10 13 23 27 34 36 39 43 52 57 59 65 67 76 85 86 90 93 98 111 114
763 763 23 2 3 9 15 23 27 34 36 39 42 52 55 59 63 67 76 85 86 90 93 99 108 114
764 764 23 2 3 11 13 24 28 34 36 38 42 52 54 59 63 67 76 85 86 90 93 99 110 113
765 765 23 2 3 10 13 23 27 34 36 39 44 52 57 59 65 67 76 85 86 90 93 98 107 117
766 766 23 2 6 11 16 24 28 34 37 39 40 53 54 59 64 67 76 85 86 90 94 98 109 114
767 767 23 2 3 9 15 23 27 34 37 38 43 53 56 59 63 67 76 85 86 90 93 99 110 116
768 768 23 2 6 11 13 24 28 34 36 38 42 52 54 59 63 67 76 85 86 90 93 99 111 113
769 769 23 2 4 10 14 23 26 34 36 39 42 52 55 59 63 67 76 85 86 90 93 99 107 115
770 770 23 2 4 9 15 23 26 34 36 39 40 52 55 59 63 67 76 85 86 90 93 98 108 115
771 771 23 2 3 9 15 23 26 34 36 39 44 52 55 59 63 67 76 85 86 90 93 99 108 114
772 772 23 2 4 9 14 23 27 34 36 39 40 52 55 59 63 67 76 85 86 90 93 99 107 115
773 773 23 2 3 10 14 23 26 34 36 39 40 52 55 59 63 67 76 85 86 90 93 98 108 115
774 774 23 2 3 9 14 23 26 34 37 38 43 53 56 59 63 67 76 85 86 90 93 99 110 116
775 775 23 2 6 11 16 24 28 34 37 39 45 53 54 60 63 67 76 85 86 90 94 98 109 114
776 776 23 2 3 10 14 23 26 34 36 39 43 52 57 59 65 67 76 85 86 90 93 99 107 114
777 777 23 1 3 10 13 23 25 34 36 38 40 52 54 59 63 67 76 85 86 90 93 99 107 113
778 778 23 2 3 10 13 23 26 34 36 39 43 52 57 59 65 67 76 85 86 90 93 99 111 114
779 779 23 2 3 9 14 23 27 34 36 39 41 52 55 59 63 67 76 85 86 90 93 99 108 114
780 780 23 2 4 10 15 23 27 34 36 39 44 52 55 59 63 67 76 85 86 90 93 99 108 115
781 781 23 2 3 10 14 23 26 34 36 39 44 52 55 59 63 67 76 85 86 90 93 98 107 115
782 782 23 2 5 11 13 24 28 34 36 38 42 52 54 59 63 67 76 85 86 90 93 98 111 113
783 783 23 2 4 10 14 23 27 34 36 39 44 52 55 59 63 67 76 85 86 90 93 98 107 115
784 784 23 2 3 9 15 23 27 34 36 39 41 52 55 59 63 67 76 85 86 90 93 98 107 115
785 785 23 2 3 9 15 23 26 34 36 39 44 52 55 59 63 67 76 85 86 90 93 98 108 114
786 786 23 1 3 9 13 23 25 34 36 38 44 52 54 59 63 67 76 85 86 90 93 98 110 114
787 787 23 2 3 11 13 24 28 34 36 38 41 52 54 59 63 67 76 85 86 90 93 98 110 113
788 788 23 2 3 10 14 23 27 34 36 39 44 52 55 59 63 67 76 85 86 90 93 99 108 114
789 789 23 1 3 10 13 23 25 34 36 38 40 52 54 59 63 67 76 85 86 90 93 99 107 114
790 790 23 2 3 10 14 23 27 34 36 39 43 52 57 59 65 67 76 85 86 90 93 98 111 117
791 791 23 2 4 10 14 23 27 34 36 39 40 52 55 59 63 67 76 85 86 90 93 99 107 114
792 792 23 2 6 10 13 23 27 34 36 39 43 52 57 59 65 67 76 85 86 90 93 98 111 117
793 793 23 2 3 10 15 23 26 34 36 39 40 52 55 59 63 67 76 85 86 90 93 98 108 114
794 794 23 2 3 9 14 23 26 34 36 39 41 52 55 59 63 67 76 85 86 90 93 99 108 114
795 795 23 1 3 10 13 23 25 34 36 38 43 52 54 59 63 67 76 85 86 90 93 99 110 114
796 796 23 1 3 10 13 23 25 34 36 38 41 52 54 59 63 67 76 85 86 90 93 99 107 113
797 797 23 2 4 10 14 23 27 34 36 39 41 52 55 59 63 67 76 85 86 90 93 98 108 114
798 798 23 2 3 9 15 24 28 34 37 39 45 53 54 60 63 67 76 85 86 90 94 98 107 114
799 799 23 1 3 9 15 23 25 34 36 38 40 52 54 59 63 67 76 85 86 90 93 99 110 114
800 800 23 2 3 10 13 23 27 34 36 39 44 52 57 59 65 67 76 85 86 90 93 99 107 117
801 801 23 2 4 9 15 23 26 34 36 39 41 52 55 59 63 67 76 85 86 90 93 98 108 115
802 802 23 2 3 10 14 23 26 34 36 39 44 52 55 59 63 67 76 85 86 90 93 99 108 114
803 803 23 1 3 9 13 23 25 34 36 38 41 52 54 59 63 67 76 85 86 90 93 99 110 113
804 804 23 2 4 10 14 23 27 34 36 39 44 52 55 59 63 67 76 85 86 90 93 98 108 114
805 805 23 2 4 10 15 23 26 34 36 39 40 52 55 59 63 67 76 85 86 90 93 99 108 114
806 806 23 2 6 10 14 23 27 34 36 39 44 52 57 59 65 67 76 85 86 90 93 98 107 114
807 807 23 2 4 10 15 23 26 34 36 39 40 52 55 59 63 67 76 85 86 90 93 98 107 114
808 808 23 2 3 10 14 23 26 34 36 39 43 52 57 59 65 67 76 85 86 90 93 98 111 114
809 809 23 2 4 9 14 23 27 34 36 39 41 52 55 59 63 67 76 85 86 90 93 99 107 115
810 810 23 2 3 9 14 23 27 34 37 38 43 53 56 59 63 67 76 85 86 90 93 99 110 116
811 811 23 2 4 9 14 23 26 34 36 39 42 52 55 59 63 67 76 85 86 90 93 98 108 115
812 812 23 2 4 9 14 23 26 34 36 39 41 52 55 59 63 67 76 85 86 90 93 98 108 115
813 813 23 1 3 10 15 23 25 34 36 38 43 52 54 59 63 67 76 85 86 90 93 98 110 113
814 814 23 1 3 10 15 23 25 34 36 38 44 52 54 59 63 67 76 85 86 90 93 99 110 114
815 815 23 1 3 9 13 23 25 34 36 38 40 52 54 59 63 67 76 85 86 90 93 98 110 113
816 816 23 2 3 9 15 23 26 34 36 39 41 52 55 59 63 67 76 85 86 90 93 98 107 115
817 817 23 2 3 10 13 23 26 34 36 39 43 52 57 59 65 67 76 85 86 90 93 98 111 114
818 818 23 2 3 10 14 23 26 34 36 39 41 52 57 59 65 67 76 85 86 90 93 98 111 114
819 819 23 2 3 9 15 23 26 34 37 38 44 53 56 59 63 67 76 85 86 90 93 99 110 116
820 820 23 2 4 10 15 23 27 34 36 39 40 52 55 59 63 67 76 85 86 90 93 99 108 114
821 821 23 2 4 9 14 23 27 34 36 39 44 52 55 59 63 67 76 85 86 90 93 99 108 115
822 822 23 2 3 11 16 24 28 34 36 38 40 52 54 59 63 67 76 85 86 90 93 98 110 113
823 823 23 2 4 9 14 23 26 34 36 39 41 52 55 59 63 67 76 85 86 90 93 98 107 115
824 824 23 2 3 9 15 23 27 34 36 39 42 52 55 59 63 67 76 85 86 90 93 99 107 114
825 825 23 2 3 10 13 23 26 34 36 39 44 52 57 59 65 67 76 85 86 90 93 98 107 117
826 826 23 2 3 10 14 23 27 34 36 39 44 52 55 59 63 67 76 85 86 90 93 98 107 115
827 827 23 2 6 11 15 23 27 34 37 38 41 53 56 59 63 67 76 85 86 90 93 99 110 116
828 828 23 2 6 11 15 23 26 34 37 38 44 53 56 59 63 67 76 85 86 90 93 100 110 116
829 829 23 2 3 9 15 23 27 34 36 39 42 52 55 59 63 67 76 85 86 90 93 99 107 115
830 830 23 2 6 9 14 23 27 34 37 38 43 53 56 59 63 67 76 85 86 90 93 100 110 116
831 831 23 2 5 11 16 24 28 34 36 38 43 52 54 59 63 67 76 85 86 90 93 98 110 113
832 832 23 2 6 11 14 23 26 34 37 38 44 53 56 59 63 67 76 85 86 90 93 99 110 116
833 833 23 2 3 10 13 23 27 34 36 39 43 52 57 59 65 67 76 85 86 90 93 98 111 114
834 834 23 2 3 10 14 23 27 34 36 39 44 52 57 59 65 67 76 85 86 90 93 99 107 114
835 835 23 2 3 10 14 23 27 34 36 39 43 52 57 59 65 67 76 85 86 90 93 99 111 117
836 836 23 1 3 9 13 23 25 34 36 38 40 52 54 59 63 67 76 85 86 90 93 99 110 114
837 837 23 2 3 9 14 23 27 34 36 39 41 52 55 59 63 67 76 85 86 90 93 99 107 115
838 838 23 1 3 10 15 23 25 34 36 38 43 52 54 59 63 67 76 85 86 90 93 99 107 113
839 839 23 2 3 10 14 23 26 34 36 39 44 52 55 59 63 67 76 85 86 90 93 98 107 114
840 840 23 2 3 10 15 23 26 34 36 39 44 52 55 59 63 67 76 85 86 90 93 98 107 114
841 841 23 2 6 9 14 23 26 34 37 38 44 53 56 59 63 67 76 85 86 90 93 100 110 116
842 842 23 1 3 10 13 23 25 34 36 38 44 52 54 59 63 67 76 85 86 90 93 99 110 114
843 843 23 2 4 9 15 23 26 34 36 39 41 52 55 59 63 67 76 85 86 90 93 99 107 114
844 844 23 2 5 11 16 24 28 34 36 38 41 52 54 59 63 67 76 85 86 90 93 98 111 113
845 845 23 2 3 9 14 23 26 34 36 39 42 52 55 59 63 67 76 85 86 90 93 98 108 114
846 846 23 2 3 11 16 24 28 34 37 39 40 53 54 59 64 67 76 85 86 90 94 99 107 114
847 847 23 2 3 10 14 23 26 34 36 39 41 52 55 59 63 67 76 85 86 90 93 99 107 115
848 848 23 2 4 10 15 23 27 34 36 39 42 52 55 59 63 67 76 85 86 90 93 99 107 114
849 849 23 2 4 9 14 23 27 34 36 39 40 52 55 59 63 67 76 85 86 90 93 99 108 115
850 850 23 2 3 9 15 23 27 34 37 38 44 53 56 59 63 67 76 85 86 90 93 100 110 116
851 851 23 2 4 9 15 23 27 34 36 39 40 52 55 59 63 67 76 85 86 90 93 99 107 114
852 852 23 2 6 10 13 23 26 34 36 39 43 52 57 59 65 67 76 85 86 90 93 98 107 114
853 853 23 2 5 11 16 24 28 34 36 38 42 52 54 59 63 67 76 85 86 90 93 99 111 113
854 854 23 2 3 11 15 24 28 34 37 39 43 53 54 60 63 67 76 85 86 90 94 99 109 114
855 855 23 2 5 11 13 24 28 34 36 38 41 52 54 59 63 67 76 85 86 90 93 98 110 113
856 856 23 2 6 10 13 23 27 34 36 39 43 52 57 59 65 67 76 85 86 90 93 98 107 117
857 857 23 2 6 9 14 23 27 34 37 38 41 53 56 59 63 67 76 85 86 90 93 100 110 116
858 858 23 2 4 9 14 23 26 34 36 39 41 52 55 59 63 67 76 85 86 90 93 99 107 114
859 859 23 2 4 9 14 23 26 34 36 39 40 52 55 59 63 67 76 85 86 90 93 98 108 115
860 860 23 1 3 9 13 23 25 34 36 38 43 52 54 59 63 67 76 85 86 90 93 98 110 114
861 861 23 2 6 10 13 23 27 34 36 39 44 52 57 59 65 67 76 85 86 90 93 99 111 117
862 862 23 2 3 9 14 23 26 34 36 39 44 52 55 59 63 67 76 85 86 90 93 99 107 114
863 863 23 2 6 10 14 23 26 34 36 39 43 52 57 59 65 67 76 85 86 90 93 99 107 114
864 864 23 2 3 10 15 23 26 34 36 39 42 52 55 59 63 67 76 85 86 90 93 99 108 114
865 865 23 2 3 10 14 23 26 34 36 39 44 52 55 59 63 67 76 85 86 90 93 99 107 115
866 866 23 2 3 10 14 23 27 34 36 39 40 52 55 59 63 67 76 85 86 90 93 98 107 114
867 867 23 2 6 11 13 24 28 34 36 38 41 52 54 59 63 67 76 85 86 90 93 99 110 113
868 868 23 2 6 10 14 23 27 34 36 39 43 52 57 59 65 67 76 85 86 90 93 99 111 117
869 869 23 2 3 11 16 24 28 34 36 38 43 52 54 59 63 67 76 85 86 90 93 99 111 113
870 870 23 2 3 9 14 23 27 34 36 39 40 52 55 59 63 67 76 85 86 90 93 99 108 114
871 871 23 2 6 10 13 23 26 34 36 39 43 52 57 59 65 67 76 85 86 90 93 98 111 117
872 872 23 2 3 9 14 23 27 34 36 39 44 52 55 59 63 67 76 85 86 90 93 99 108 114
873 873 23 2 3 10 14 23 26 34 36 39 40 52 55 59 63 67 76 85 86 90 93 99 107 115
874 874 23 2 3 11 13 23 28 34 36 39 41 53 56 59 63 68 76 85 86 90 93 98 110 116
875 875 23 2 3 9 15 23 26 34 36 39 41 52 55 59 63 67 76 85 86 90 93 99 107 115
876 876 23 2 3 10 14 23 27 34 36 39 43 52 57 59 65 67 76 85 86 90 93 99 107 117
877 877 23 2 3 10 15 23 26 34 36 39 40 52 55 59 63 67 76 85 86 90 93 99 108 115
878 878 23 2 3 9 15 23 27 34 36 39 40 52 55 59 63 67 76 85 86 90 93 98 108 114
879 879 23 2 6 10 14 23 27 34 36 39 44 52 57 59 65 67 76 85 86 90 93 99 111 114
880 880 23 2 4 9 14 23 27 34 36 39 41 52 55 59 63 67 76 85 86 90 93 99 108 114
881 881 23 2 6 11 15 23 26 34 37 38 44 53 56 59 63 67 76 85 86 90 93 99 110 116
882 882 23 2 6 9 16 24 28 34 37 39 41 53 54 59 64 67 76 85 86 90 94 99 107 114
883 883 23 2 3 10 15 23 26 34 36 39 44 52 55 59 63 67 76 85 86 90 93 98 108 114
884 884 23 2 3 10 15 23 27 34 36 39 41 52 55 59 63 67 76 85 86 90 93 98 108 114
885 885 23 2 6 10 14 23 27 34 36 39 41 52 57 59 65 67 76 85 86 90 93 98 107 114
886 886 23 2 3 9 15 23 26 34 37 38 43 53 56 59 63 67 76 85 86 90 93 100 110 116
887 887 23 2 3 9 14 23 26 34 36 39 41 52 55 59 63 67 76 85 86 90 93 99 107 114
888 888 23 2 6 10 14 23 26 34 36 39 41 52 57 59 65 67 76 85 86 90 93 99 111 114
889 889 23 2 3 10 14 23 26 34 36 39 44 52 57 59 65 67 76 85 86 90 93 98 111 117
890 890 23 2 3 9 14 23 27 34 36 39 42 52 55 59 63 67 76 85 86 90 93 99 108 114
891 891 23 2 3 11 13 23 28 34 36 39 46 53 56 59 63 68 77 85 86 90 93 99 111 116
892 892 23 2 6 10 14 23 27 34 36 39 43 52 57 59 65 67 76 85 86 90 93 98 111 114
893 893 23 2 3 9 15 23 26 34 36 39 41 52 55 59 63 67 76 85 86 90 93 98 108 114
894 894 23 2 4 9 14 23 26 34 36 39 42 52 55 59 63 67 76 85 86 90 93 99 107 115
895 895 23 2 3 9 14 23 27 34 36 39 40 52 55 59 63 67 76 85 86 90 93 99 107 115
896 896 23 2 3 10 13 23 27 34 36 39 43 52 57 59 65 67 76 85 86 90 93 99 107 114
897 897 23 2 4 10 14 23 26 34 36 39 40 52 55 59 63 67 76 85 86 90 93 98 108 114
898 898 23 2 3 9 15 23 27 34 36 39 40 52 55 59 63 67 76 85 86 90 93 98 108 115
899 899 23 2 3 10 15 23 27 34 36 39 40 52 55 59 63 67 76 85 86 90 93 98 107 115
900 900 23 2 3 9 14 23 27 34 36 39 41 52 55 59 63 67 76 85 86 90 93 98 107 114
901 901 23 2 6 10 14 23 27 34 36 39 41 52 57 59 65 67 76 85 86 90 93 98 111 117
902 902 23 2 3 11 15 24 28 34 37 39 41 53 54 60 64 67 76 85 86 90 94 99 109 114
903 903 23 2 3 9 13 24 28 34 37 39 43 53 54 60 64 67 76 85 86 90 94 98 107 114
904 904 23 2 3 9 15 24 28 34 37 39 45 53 54 60 63 67 76 85 86 90 94 99 107 114
905 905 23 2 3 9 14 23 27 34 36 39 44 52 55 59 63 67 76 85 86 90 93 99 108 115
906 906 23 2 6 11 15 24 28 34 37 39 43 53 54 60 63 67 76 85 86 90 94 98 107 114
907 907 23 1 6 9 13 23 25 34 36 38 41 52 54 59 63 67 76 85 86 90 93 98 107 114
908 908 23 2 3 11 16 24 28 34 37 39 43 53 54 60 64 67 76 85 86 90 94 99 107 114
909 909 23 1 6 10 13 23 25 34 36 38 43 52 54 59 63 67 76 85 86 90 93 99 110 113
910 910 23 1 3 9 13 23 25 34 36 38 44 52 54 59 63 67 76 85 86 90 93 99 110 114
911 911 23 2 4 9 15 23 27 34 36 39 40 52 55 59 63 67 76 85 86 90 93 98 108 114
912 912 23 2 3 11 16 24 28 34 37 39 43 53 54 60 64 67 76 85 86 90 94 98 109 114
913 913 23 2 3 9 15 23 27 34 36 39 42 52 55 59 63 67 76 85 86 90 93 98 108 114
914 914 23 2 6 11 16 24 28 34 37 39 41 53 54 59 63 67 76 85 86 90 94 98 109 114
915 915 23 2 3 9 16 24 28 34 37 39 40 53 54 59 63 67 76 85 86 90 94 98 107 114
916 916 23 2 3 9 15 23 26 34 36 39 40 52 55 59 63 67 76 85 86 90 93 99 108 114
917 917 23 2 3 9 15 23 27 34 36 39 41 52 55 59 63 67 76 85 86 90 93 99 107 115
918 918 23 2 3 10 16 23 28 34 36 39 41 53 56 59 63 68 76 85 86 90 93 99 111 116
919 919 23 2 6 11 13 24 28 34 37 39 40 53 54 60 64 67 76 85 86 90 94 99 109 114
920 920 23 2 3 9 15 24 28 34 37 39 45 53 54 59 64 67 76 85 86 90 94 98 107 114
921 921 23 2 6 11 13 24 28 34 37 39 43 53 54 60 63 67 76 85 86 90 94 98 109 114
922 922 23 2 3 9 13 24 28 34 37 39 43 53 54 60 64 67 76 85 86 90 94 99 109 114
923 923 23 2 3 10 14 23 27 34 36 39 41 52 55 59 63 67 76 85 86 90 93 98 108 114
924 924 23 2 3 9 14 23 27 34 37 38 44 53 56 59 63 67 76 85 86 90 93 100 110 116
925 925 23 2 6 11 15 24 28 34 37 39 40 53 54 60 63 67 76 85 86 90 94 99 107 114
926 926 23 2 3 9 13 24 28 34 37 39 45 53 54 60 63 67 76 85 86 90 94 99 109 114
927 927 23 2 3 9 16 24 28 34 37 39 40 53 54 60 63 67 76 85 86 90 94 98 109 114
928 928 23 1 3 10 13 23 25 34 36 38 44 52 54 59 63 67 76 85 86 90 93 98 107 113
929 929 23 2 3 11 16 24 28 34 36 38 40 52 54 59 63 67 76 85 86 90 93 99 111 113
930 930 23 2 4 9 15 23 26 34 36 39 41 52 55 59 63 67 76 85 86 90 93 99 108 115
931 931 23 2 3 9 16 24 28 34 37 39 45 53 54 59 63 67 76 85 86 90 94 98 109 114
932 932 23 2 6 11 16 24 28 34 37 39 41 53 54 59 64 67 76 85 86 90 94 99 107 114
933 933 23 1 6 9 13 23 25 34 36 38 41 52 54 59 63 67 76 85 86 90 93 99 110 114
934 934 23 2 3 9 14 23 27 34 36 39 40 52 55 59 63 67 76 85 86 90 93 99 107 114
935 935 23 2 3 11 13 24 28 34 36 38 41 52 54 59 63 67 76 85 86 90 93 98 111 113
936 936 23 2 6 9 15 24 28 34 37 39 43 53 54 59 64 67 76 85 86 90 94 98 107 114
937 937 23 2 3 10 14 23 26 34 36 39 44 52 55 59 63 67 76 85 86 90 93 98 108 115
938 938 23 2 3 11 13 24 28 34 37 39 43 53 54 59 63 67 76 85 86 90 94 98 107 114
939 939 23 2 6 9 16 24 28 34 37 39 41 53 54 60 63 67 76 85 86 90 94 98 109 114
940 940 23 2 3 10 17 23 28 34 36 39 46 53 56 59 63 68 77 85 86 90 93 99 111 116
941 941 23 2 4 10 14 23 26 34 36 39 41 52 55 59 63 67 76 85 86 90 93 99 108 114
942 942 23 2 3 11 15 24 28 34 37 39 41 53 54 60 64 67 76 85 86 90 94 98 107 114
943 943 23 1 3 9 15 23 25 34 36 38 44 52 54 59 63 67 76 85 86 90 93 99 107 114
944 944 23 2 3 11 16 24 28 34 37 39 43 53 54 59 63 67 76 85 86 90 94 99 107 114
945 945 23 2 6 11 16 23 28 34 36 39 41 53 56 59 63 67 78 85 86 90 93 99 110 116
946 946 23 2 6 11 13 24 28 34 37 39 45 53 54 60 64 67 76 85 86 90 94 99 109 114
947 947 23 2 6 11 15 24 28 34 37 39 41 53 54 60 64 67 76 85 86 90 94 98 107 114
948 948 23 2 4 10 15 23 27 34 36 39 44 52 55 59 63 67 76 85 86 90 93 98 107 114
949 949 23 2 6 11 13 24 28 34 37 39 41 53 54 60 63 67 76 85 86 90 94 98 109 114
950 950 23 1 6 10 13 23 25 34 36 38 44 52 54 59 63 67 76 85 86 90 93 99 110 113
951 951 23 1 3 10 15 23 25 34 36 38 44 52 54 59 63 67 76 85 86 90 93 99 107 113
952 952 23 2 4 9 14 23 27 34 36 39 41 52 55 59 63 67 76 85 86 90 93 98 107 114
953 953 23 2 6 9 16 24 28 34 37 39 45 53 54 59 64 67 76 85 86 90 94 99 109 114
954 954 23 2 3 11 16 24 28 34 37 39 41 53 54 59 64 67 76 85 86 90 94 99 109 114
955 955 23 2 6 11 13 24 28 34 37 39 45 53 54 60 63 67 76 85 86 90 94 99 107 114
956 956 23 2 4 9 15 23 27 34 36 39 40 52 55 59 63 67 76 85 86 90 93 98 107 115
957 957 23 1 3 9 15 23 25 34 36 38 44 52 54 59 63 67 76 85 86 90 93 98 110 113
958 958 23 2 3 10 13 23 28 34 36 39 41 53 56 59 63 69 77 85 86 90 93 98 110 116
959 959 23 2 6 11 15 23 27 34 37 38 41 53 56 59 63 67 76 85 86 90 93 100 110 116
960 960 23 2 3 10 14 23 27 34 36 39 40 52 55 59 63 67 76 85 86 90 93 99 108 115
961 961 23 2 3 11 13 24 28 34 37 39 41 53 54 60 64 67 76 85 86 90 94 98 109 114
962 962 23 2 6 11 15 24 28 34 37 39 45 53 54 60 63 67 76 85 86 90 94 98 109 114
963 963 23 2 3 11 13 23 28 34 36 39 41 53 56 59 63 68 77 85 86 90 93 98 110 116
964 964 23 2 3 11 13 23 28 34 36 39 41 53 56 59 63 69 78 85 86 90 93 99 111 116
965 965 23 2 6 9 16 24 28 34 37 39 40 53 54 60 64 67 76 85 86 90 94 98 107 114
966 966 23 2 6 9 16 24 28 34 37 39 41 53 54 59 63 67 76 85 86 90 94 98 107 114
967 967 23 1 6 9 13 23 25 34 36 38 44 52 54 59 63 67 76 85 86 90 93 98 107 114
968 968 23 2 3 11 13 23 28 34 36 39 41 53 56 59 63 67 77 85 86 90 93 98 111 116
969 969 23 2 3 9 13 24 28 34 37 39 40 53 54 60 64 67 76 85 86 90 94 98 107 114
970 970 23 2 3 11 15 24 28 34 37 39 40 53 54 59 64 67 76 85 86 90 94 98 107 114
971 971 23 2 6 11 13 24 28 34 37 39 41 53 54 60 63 67 76 85 86 90 94 99 107 114
972 972 23 2 3 11 13 23 28 34 36 39 41 53 56 59 63 69 76 85 86 90 93 98 110 116
973 973 23 2 6 11 13 23 28 34 36 39 41 53 56 59 63 69 76 85 86 90 93 98 110 116
974 974 23 2 3 11 16 24 28 34 37 39 41 53 54 59 64 67 76 85 86 90 94 98 107 114
975 975 23 2 6 11 13 23 28 34 36 39 46 53 56 59 63 69 76 85 86 90 93 98 111 116
976 976 23 2 3 9 16 24 28 34 37 39 43 53 54 60 64 67 76 85 86 90 94 98 107 114
977 977 23 2 4 10 15 23 27 34 36 39 41 52 55 59 63 67 76 85 86 90 93 98 108 114
978 978 23 2 3 11 13 23 28 34 36 39 41 53 56 59 63 69 77 85 86 90 93 98 111 116
979 979 23 2 3 10 14 23 27 34 36 39 40 52 55 59 63 67 76 85 86 90 93 99 107 114
980 980 23 2 6 11 16 24 28 34 37 39 43 53 54 60 64 67 76 85 86 90 94 98 109 114
981 981 23 2 6 11 13 23 28 34 36 39 46 53 56 59 63 69 77 85 86 90 93 99 111 116
982 982 23 2 3 9 14 23 27 34 36 39 42 52 55 59 63 67 76 85 86 90 93 98 107 115
983 983 23 2 6 11 16 24 28 34 37 39 45 53 54 59 63 67 76 85 86 90 94 98 107 114
984 984 23 2 3 11 13 24 28 34 37 39 40 53 54 59 63 67 76 85 86 90 94 99 107 114
985 985 23 1 3 9 15 23 25 34 36 38 41 52 54 59 63 67 76 85 86 90 93 98 107 113
986 986 23 2 3 11 15 24 28 34 37 39 41 53 54 60 64 67 76 85 86 90 94 99 107 114
987 987 23 2 6 11 15 24 28 34 37 39 41 53 54 60 63 67 76 85 86 90 94 98 109 114
988 988 23 2 3 9 15 24 28 34 37 39 41 53 54 59 64 67 76 85 86 90 94 99 109 114
989 989 23 2 3 9 16 24 28 34 37 39 40 53 54 59 64 67 76 85 86 90 94 98 109 114
990 990 23 2 3 10 14 23 27 34 36 39 41 52 55 59 63 67 76 85 86 90 93 99 108 114
991 991 23 2 3 9 14 23 27 34 36 39 41 52 55 59 63 67 76 85 86 90 93 98 108 115
992 992 23 2 3 9 16 24 28 34 37 39 43 53 54 59 64 67 76 85 86 90 94 98 109 114
993 993 23 2 3 9 13 24 28 34 37 39 43 53 54 60 63 67 76 85 86 90 94 99 107 114
994 994 23 2 6 11 13 24 28 34 36 38 41 52 54 59 63 67 76 85 86 90 93 98 110 113
995 995 23 2 6 9 15 24 28 34 37 39 40 53 54 59 64 67 76 85 86 90 94 98 107 114
996 996 23 2 6 9 15 24 28 34 37 39 41 53 54 60 64 67 76 85 86 90 94 98 109 114
997 997 23 2 3 10 14 23 27 34 36 39 41 52 55 59 63 67 76 85 86 90 93 99 107 115
998 998 23 2 6 9 15 23 26 34 37 38 44 53 56 59 63 67 76 85 86 90 93 100 110 116
999 999 23 2 4 9 15 23 27 34 36 39 44 52 55 59 63 67 76 85 86 90 93 99 108 115
1000 1000 23 1 6 10 15 23 25 34 36 38 43 52 54 59 63 67 76 85 86 90 93 98 110 113
1001 1001 23 2 3 11 16 23 28 34 36 39 41 53 56 59 63 69 77 85 86 90 93 98 111 116
1002 1002 23 2 6 10 13 23 27 34 36 39 43 52 57 59 65 67 76 85 86 90 93 99 111 114
1003 1003 23 2 6 9 13 24 28 34 37 39 40 53 54 59 63 67 76 85 86 90 94 99 107 114
1004 1004 23 1 3 9 15 23 25 34 36 38 44 52 54 59 63 67 76 85 86 90 93 98 110 114
1005 1005 23 2 3 10 13 23 27 34 36 39 43 52 57 59 65 67 76 85 86 90 93 99 111 114
1006 1006 23 2 3 9 16 24 28 34 37 39 43 53 54 59 64 67 76 85 86 90 94 99 109 114
1007 1007 23 2 3 9 15 24 28 34 37 39 40 53 54 60 63 67 76 85 86 90 94 99 109 114
1008 1008 23 2 6 11 15 24 28 34 37 39 43 53 54 60 63 67 76 85 86 90 94 99 107 114
1009 1009 23 2 3 11 13 24 28 34 37 39 40 53 54 59 63 67 76 85 86 90 94 99 109 114
1010 1010 23 2 3 9 15 23 27 34 36 39 40 52 55 59 63 67 76 85 86 90 93 99 107 114
1011 1011 23 2 3 10 15 23 26 34 36 39 42 52 55 59 63 67 76 85 86 90 93 99 107 115
1012 1012 23 2 3 9 15 24 28 34 37 39 40 53 54 59 63 67 76 85 86 90 94 98 107 114
1013 1013 23 2 6 10 14 23 26 34 36 39 43 52 57 59 65 67 76 85 86 90 93 99 107 117
1014 1014 23 2 6 9 13 24 28 34 37 39 41 53 54 59 64 67 76 85 86 90 94 98 107 114
1015 1015 23 2 6 11 16 24 28 34 37 39 45 53 54 60 64 67 76 85 86 90 94 98 107 114
1016 1016 23 2 6 11 14 23 26 34 37 38 43 53 56 59 63 67 76 85 86 90 93 100 110 116
1017 1017 23 2 6 10 13 23 27 34 36 39 41 52 57 59 65 67 76 85 86 90 93 99 107 114
1018 1018 23 2 3 11 13 23 28 34 36 39 43 53 56 59 63 69 76 85 86 90 93 99 111 116
1019 1019 23 1 6 9 13 23 25 34 36 38 44 52 54 59 63 67 76 85 86 90 93 99 107 114
1020 1020 23 2 3 11 13 23 28 34 36 39 41 53 56 59 63 67 77 85 86 90 93 98 110 116
1021 1021 23 2 6 11 13 24 28 34 37 39 41 53 54 60 64 67 76 85 86 90 94 99 109 114
1022 1022 23 2 4 9 14 23 26 34 36 39 44 52 55 59 63 67 76 85 86 90 93 98 108 115
1023 1023 23 2 4 10 15 23 26 34 36 39 40 52 55 59 63 67 76 85 86 90 93 98 108 114
1024 1024 23 2 3 10 15 23 26 34 36 39 44 52 55 59 63 67 76 85 86 90 93 99 107 115
1025 1025 23 1 6 10 15 23 25 34 36 38 41 52 54 59 63 67 76 85 86 90 93 98 110 113
1026 1026 23 1 6 10 15 23 25 34 36 38 43 52 54 59 63 67 76 85 86 90 93 99 107 114
1027 1027 23 2 3 11 13 24 28 34 36 38 41 52 54 59 63 67 76 85 86 90 93 99 110 113
1028 1028 23 2 6 9 14 23 27 34 37 38 44 53 56 59 63 67 76 85 86 90 93 100 110 116
1029 1029 23 2 3 10 14 23 27 34 36 39 40 52 55 59 63 67 76 85 86 90 93 98 108 115
1030 1030 23 2 3 9 15 24 28 34 37 39 40 53 54 59 63 67 76 85 86 90 94 98 109 114
1031 1031 23 2 3 11 16 23 28 34 36 39 46 53 56 59 63 68 78 85 86 90 93 99 111 116
1032 1032 23 1 3 10 13 23 25 34 36 38 41 52 54 59 63 67 76 85 86 90 93 98 110 114
1033 1033 23 2 3 11 16 24 28 34 37 39 43 53 54 59 64 67 76 85 86 90 94 99 107 114
1034 1034 23 2 6 11 13 24 28 34 37 39 43 53 54 59 64 67 76 85 86 90 94 99 107 114
1035 1035 23 2 3 9 15 24 28 34 37 39 43 53 54 59 63 67 76 85 86 90 94 99 107 114
1036 1036 23 2 6 11 15 24 28 34 37 39 43 53 54 60 64 67 76 85 86 90 94 98 109 114
1037 1037 23 2 3 10 14 23 26 34 36 39 40 52 55 59 63 67 76 85 86 90 93 98 107 115
1038 1038 23 2 6 11 14 23 26 34 37 38 41 53 56 59 63 67 76 85 86 90 93 99 110 116
1039 1039 23 2 3 11 16 24 28 34 36 38 40 52 54 59 63 67 76 85 86 90 93 98 111 113
1040 1040 23 1 3 9 13 23 25 34 36 38 43 52 54 59 63 67 76 85 86 90 93 98 107 113
1041 1041 23 2 3 10 14 23 26 34 36 39 44 52 57 59 65 67 76 85 86 90 93 99 111 117
1042 1042 23 2 6 10 13 23 26 34 36 39 41 52 57 59 65 67 76 85 86 90 93 98 107 117
1043 1043 23 2 3 11 15 24 28 34 37 39 45 53 54 59 63 67 76 85 86 90 94 98 109 114
1044 1044 23 2 3 10 13 23 28 34 36 39 46 53 56 59 63 68 78 85 86 90 93 99 110 116
1045 1045 23 2 3 9 16 24 28 34 37 39 45 53 54 60 64 67 76 85 86 90 94 99 109 114
1046 1046 23 2 3 9 15 23 26 34 36 39 44 52 55 59 63 67 76 85 86 90 93 99 107 114
1047 1047 23 2 3 11 16 24 28 34 37 39 45 53 54 59 64 67 76 85 86 90 94 99 107 114
1048 1048 23 1 6 10 13 23 25 34 36 38 41 52 54 59 63 67 76 85 86 90 93 99 107 113
1049 1049 23 2 3 11 13 23 28 34 36 39 43 53 56 59 63 68 76 85 86 90 93 98 110 116
1050 1050 23 2 3 11 16 24 28 34 37 39 40 53 54 60 64 67 76 85 86 90 94 98 109 114
1051 1051 23 2 3 11 17 23 28 34 36 39 44 53 56 59 63 67 76 85 86 90 93 98 110 116
1052 1052 23 2 3 11 13 23 28 34 36 39 46 53 56 59 63 68 78 85 86 90 93 98 111 116
1053 1053 23 2 3 11 16 24 28 34 37 39 43 53 54 59 64 67 76 85 86 90 94 99 109 114
1054 1054 23 2 3 10 14 23 27 34 36 39 44 52 57 59 65 67 76 85 86 90 93 99 107 117
1055 1055 23 2 3 11 13 24 28 34 37 39 40 53 54 60 63 67 76 85 86 90 94 98 107 114
1056 1056 23 2 4 9 14 23 27 34 36 39 40 52 55 59 63 67 76 85 86 90 93 98 107 114
1057 1057 23 2 3 11 15 23 27 34 37 38 43 53 56 59 63 67 76 85 86 90 93 99 110 116
1058 1058 23 2 6 9 16 24 28 34 37 39 40 53 54 59 64 67 76 85 86 90 94 99 107 114
1059 1059 23 2 3 10 14 23 27 34 36 39 44 52 55 59 63 67 76 85 86 90 93 98 108 114
1060 1060 23 2 3 11 13 24 28 34 37 39 45 53 54 59 63 67 76 85 86 90 94 99 107 114
1061 1061 23 2 6 9 15 24 28 34 37 39 45 53 54 59 64 67 76 85 86 90 94 99 109 114
1062 1062 23 2 3 9 14 23 27 34 37 38 41 53 56 59 63 67 76 85 86 90 93 99 110 116
1063 1063 23 2 3 9 16 24 28 34 37 39 40 53 54 60 63 67 76 85 86 90 94 99 107 114
1064 1064 23 2 3 11 16 24 28 34 37 39 41 53 54 60 64 67 76 85 86 90 94 99 107 114
1065 1065 23 1 6 10 15 23 25 34 36 38 40 52 54 59 63 67 76 85 86 90 93 98 107 113
1066 1066 23 2 6 11 14 23 27 34 37 38 43 53 56 59 63 67 76 85 86 90 93 100 110 116
1067 1067 23 2 3 10 15 23 26 34 36 39 40 52 55 59 63 67 76 85 86 90 93 98 107 114
1068 1068 23 2 6 11 15 24 28 34 37 39 43 53 54 60 63 67 76 85 86 90 94 99 109 114
1069 1069 23 2 3 11 13 23 28 34 36 39 46 53 56 59 63 68 78 85 86 90 93 98 110 116
1070 1070 23 2 3 10 13 23 27 34 36 39 41 52 57 59 65 67 76 85 86 90 93 99 107 114
1071 1071 23 2 3 9 15 24 28 34 37 39 45 53 54 59 64 67 76 85 86 90 94 99 109 114
1072 1072 23 1 6 10 15 23 25 34 36 38 40 52 54 59 63 67 76 85 86 90 93 99 110 114
1073 1073 23 2 3 9 14 23 26 34 36 39 40 52 55 59 63 67 76 85 86 90 93 99 107 114
1074 1074 23 2 3 11 16 23 28 34 36 39 43 53 56 59 63 69 76 85 86 90 93 98 111 116
1075 1075 23 2 6 10 14 23 27 34 36 39 43 52 57 59 65 67 76 85 86 90 93 98 107 117
1076 1076 23 2 6 9 16 24 28 34 37 39 40 53 54 60 63 67 76 85 86 90 94 98 109 114
1077 1077 23 2 6 11 13 24 28 34 36 38 43 52 54 59 63 67 76 85 86 90 93 99 111 113
1078 1078 23 1 6 10 15 23 25 34 36 38 41 52 54 59 63 67 76 85 86 90 93 99 110 114
1079 1079 23 2 6 11 16 24 28 34 37 39 40 53 54 60 63 67 76 85 86 90 94 99 107 114
1080 1080 23 2 3 10 13 23 27 34 36 39 43 52 57 59 65 67 76 85 86 90 93 98 107 117
1081 1081 23 2 6 11 15 24 28 34 37 39 45 53 54 59 63 67 76 85 86 90 94 98 109 114
1082 1082 23 1 6 10 13 23 25 34 36 38 40 52 54 59 63 67 76 85 86 90 93 99 110 113
1083 1083 23 2 4 9 14 23 27 34 36 39 40 52 55 59 63 67 76 85 86 90 93 98 108 115
1084 1084 23 2 6 11 16 24 28 34 37 39 41 53 54 60 64 67 76 85 86 90 94 98 107 114
1085 1085 23 2 4 9 15 23 27 34 36 39 44 52 55 59 63 67 76 85 86 90 93 98 108 114
1086 1086 23 2 6 11 16 24 28 34 37 39 43 53 54 59 64 67 76 85 86 90 94 99 107 114
1087 1087 23 2 4 10 15 23 27 34 36 39 41 52 55 59 63 67 76 85 86 90 93 99 108 115
1088 1088 23 2 3 10 15 23 27 34 36 39 44 52 55 59 63 67 76 85 86 90 93 98 108 115
1089 1089 23 1 6 10 13 23 25 34 36 38 41 52 54 59 63 67 76 85 86 90 93 98 110 114
1090 1090 23 2 3 10 14 23 27 34 36 39 44 52 55 59 63 67 76 85 86 90 93 98 107 114
1091 1091 23 2 5 11 13 24 28 34 36 38 41 52 54 59 63 67 76 85 86 90 93 98 111 113
1092 1092 23 2 3 10 13 23 26 34 36 39 41 52 57 59 65 67 76 85 86 90 93 98 111 114
1093 1093 23 2 6 11 16 24 28 34 37 39 41 53 54 59 64 67 76 85 86 90 94 99 109 114
1094 1094 23 2 6 11 14 23 27 34 37 38 41 53 56 59 63 67 76 85 86 90 93 100 110 116
1095 1095 23 2 3 9 16 24 28 34 37 39 43 53 54 60 64 67 76 85 86 90 94 99 109 114
1096 1096 23 1 6 10 13 23 25 34 36 38 41 52 54 59 63 67 76 85 86 90 93 98 110 113
1097 1097 23 2 3 11 16 24 28 34 37 39 43 53 54 59 63 67 76 85 86 90 94 98 109 114
1098 1098 23 2 3 9 16 24 28 34 37 39 45 53 54 60 63 67 76 85 86 90 94 98 109 114
1099 1099 23 2 3 11 16 24 28 34 37 39 45 53 54 60 63 67 76 85 86 90 94 98 107 114
1100 1100 23 1 3 10 13 23 25 34 36 38 41 52 54 59 63 67 76 85 86 90 93 99 107 114
